t 1501703305 560.302856445312 284.241241455078 1  0
h 1501703307 778.033142089844 386.867401123047 1  0
e 1501703307 327.299285888672 254.14274597168 1  0
space 1501703309 719.981811523438 622.5244140625 1  0
space 1501703309 696.329895019531 624.393798828125 1  0
s 1501703310 249.553070068359 353.968200683594 1  0
u 1501703311 839.878601074219 280.792297363281 2  0
m 1501703312 1024.00451660156 547.402587890625 2  0
space 1501703313 738.060913085938 594.084167480469 1  0
o 1501703315 1098.35168457031 258.049194335938 2  0
f 1501703316 500.768707275391 365.292327880859 1  0
space 1501703322 598.544189453125 615.257385253906 2  0
t 1501703324 600.157470703125 252.585693359375 1  0
h 1501703326 778.92626953125 405.606262207031 2  0
e 1501703327 349.783660888672 272.147552490234 1  0
space 1501703327 593.787292480469 642.609436035156 1  0
p 1501703329 1236.67321777344 267.585510253906 1  0
s 1501703329 198.272506713867 392.342193603516 1  0
enter 1501703331 1215.18823242188 593.186767578125 4  0
back 1501703331 1180.19702148438 519.41064453125 2  0
a 1501703332 116.606101989746 403.691619873047 1  0
a 1501703333 122.471992492676 400.143310546875 1  0
back 1501703335 1182.95715332031 521.567687988281 1  0
r 1501703340 464.614654541016 227.999908447266 1  0
t 1501703343 610.397583007812 230.525756835938 2  0
s 1501703343 272.483825683594 385.351867675781 1  0
s 1501703344 268.009582519531 385.71142578125 1  0
back 1501703344 1184.86242675781 485.738647460938 2  0
