q 1501703826 108.981948852539 279.402191162109 1  0
u 1501703826 855.799621582031 291.903137207031 1  0
u 1501703827 857.012573242188 298.171417236328 1  0
back 1501703828 1177.73229980469 492.767150878906 1  0
e 1501703828 315.830718994141 265.071929931641 1  0
s 1501703829 272.329528808594 421.942596435547 1  0
t 1501703829 578.315368652344 279.170623779297 1  0
i 1501703831 980.749389648438 274.082763671875 1  0
o 1501703831 1097.29711914062 253.30534362793 1  0
n 1501703832 882.308044433594 521.682861328125 1  0
space 1501703833 683.589477539062 605.151916503906 1  0
t 1501703834 575.172729492188 277.185394287109 2  0
h 1501703834 775.16650390625 371.519897460938 2  0
a 1501703835 128.645385742188 412.806640625 1  0
t 1501703836 604.053283691406 249.337814331055 1  0
space 1501703836 523.795959472656 646.117065429688 1  0
m 1501703837 1014.39215087891 521.881469726562 1  0
u 1501703838 860.766784667969 280.140960693359 2  0
s 1501703838 263.512451171875 406.593231201172 1  0
t 1501703839 611.328552246094 248.749267578125 1  0
space 1501703839 674.442932128906 622.750793457031 2  0
b 1501703840 774.63037109375 518.362060546875 2  0
e 1501703840 320.531219482422 270.378753662109 2  0
space 1501703841 578.307067871094 603.355041503906 1  0
a 1501703841 153.213989257812 389.121429443359 1  0
n 1501703842 884.981201171875 528.935974121094 1  0
n 1501703842 907.568237304688 546.809509277344 1  0
back 1501703844 1170.53930664062 479.903503417969 1  0
s 1501703845 266.724212646484 381.536376953125 1  0
w 1501703846 190.476181030273 259.878936767578 1  0
e 1501703846 350.195770263672 272.803405761719 1  0
r 1501703847 497.860931396484 272.234924316406 1  0
e 1501703847 320.237609863281 288.657470703125 1  0
d 1501703847 393.753173828125 410.326599121094 1  0
