t 1501703157 545.913330078125 288.845855712891 1  0
h 1501703158 779.718017578125 435.424591064453 1  0
e 1501703159 296.573547363281 288.6767578125 2  0
space 1501703161 501.113800048828 668.77783203125 1  0
space 1501703161 679.731567382812 624.019348144531 1  0
space 1501703162 703.283325195312 617.096740722656 1  0
space 1501703162 782.56494140625 627.697814941406 2  0
p 1501703163 1244.98522949219 278.803497314453 1  0
o 1501703164 1116.29431152344 278.316711425781 1  0
w 1501703165 218.155548095703 263.326354980469 1  0
e 1501703165 319.667114257812 282.850463867188 2  0
r 1501703166 406.189849853516 255.51676940918 1  0
r 1501703166 458.437469482422 247.664489746094 1  0
back 1501703167 1206.05688476562 543.4794921875 1  0
space 1501703168 711.03857421875 689.884460449219 0  0
o 1501703171 1129.52807617188 272.944152832031 2  0
f 1501703172 495.737701416016 415.646606445312 1  0
space 1501703174 739.416137695312 671.515075683594 4  0
d 1501703175 386.674438476562 380.112182617188 1  0
e 1501703176 314.075531005859 275.552703857422 1  0
n 1501703177 867.537353515625 510.634063720703 1  0
i 1501703180 958.500305175781 217.898513793945 1  0
a 1501703181 137.140274047852 402.896636962891 1  0
l 1501703182 1137.85375976562 413.805725097656 1  0
