t 1501703703 572.160461425781 247.777328491211 1  0
h 1501703704 803.801391601562 362.369537353516 1  0
e 1501703705 326.481964111328 238.678405761719 1  0
space 1501703706 591.117736816406 615.169982910156 1  0
l 1501703707 1204.1591796875 374.811462402344 1  0
i 1501703708 982.455810546875 228.9208984375 1  0
i 1501703708 982.697509765625 232.010391235352 2  0
i 1501703708 982.482666015625 229.264236450195 1  0
back 1501703709 1218.15710449219 518.774536132812 1  0
back 1501703710 1226.37182617188 531.696655273438 2  0
b 1501703710 765.910827636719 477.077789306641 1  0
r 1501703711 476.43359375 234.987060546875 1  0
r 1501703711 482.434631347656 237.60888671875 1  0
back 1501703712 1191.78759765625 504.566223144531 1  0
a 1501703713 132.393112182617 395.584289550781 1  0
r 1501703714 478.302551269531 253.129760742188 1  0
y 1501703715 709.140991210938 257.744415283203 1  0
space 1501703715 555.431274414062 639.7431640625 0  0
space 1501703715 564.72119140625 622.65673828125 1  0
i 1501703716 955.601135253906 243.177963256836 1  0
s 1501703717 257.797332763672 377.289855957031 1  0
space 1501703717 528.695129394531 581.940673828125 1  0
c 1501703718 496.349426269531 481.566162109375 1  0
l 1501703719 1170.95056152344 380.722351074219 1  0
o 1501703719 1093.94262695312 257.542663574219 1  0
s 1501703720 284.798675537109 407.960815429688 1  0
e 1501703720 343.315490722656 264.743621826172 1  0
d 1501703721 407.524963378906 371.245422363281 1  0
space 1501703721 578.691101074219 647.170471191406 1  0
t 1501703722 582.972778320312 239.998748779297 1  0
o 1501703723 1082.388671875 255.025634765625 1  0
d 1501703723 401.794128417969 392.928497314453 1  0
d 1501703723 401.44970703125 392.956146240234 1  0
back 1501703725 1214.80505371094 496.280242919922 1  0
a 1501703725 100.673759460449 393.858428955078 1  0
y 1501703726 730.997497558594 258.220001220703 1  0
