a 1501703464 107.272842407227 422.036682128906 1  0
space 1501703466 419.068328857422 590.63525390625 2  0
space 1501703466 420.874908447266 586.097534179688 1  0
p 1501703467 1204.32751464844 272.603546142578 2  0
r 1501703468 434.052154541016 275.497772216797 1  0
o 1501703469 1071.81359863281 267.7744140625 2  0
o 1501703470 1079.2490234375 259.762420654297 2  0
b 1501703470 730.917114257812 531.508666992188 1  0
back 1501703471 1147.42419433594 524.387329101562 2  0
back 1501703472 1160.50219726562 513.504577636719 1  0
b 1501703473 710.054565429688 536.388549804688 1  0
l 1501703474 1128.58483886719 406.174285888672 2  0
e 1501703475 340.502868652344 253.763473510742 1  0
m 1501703476 1014.79693603516 531.519714355469 1  0
m 1501703476 1019.54327392578 527.920043945312 1  0
back 1501703477 1173.10266113281 545.751708984375 2  0
space 1501703479 734.671691894531 624.736511230469 2  0
w 1501703480 200.294540405273 274.250457763672 1  0
i 1501703481 983.232971191406 274.571624755859 2  0
t 1501703482 555.42529296875 288.077972412109 1  0
h 1501703484 759.772094726562 437.701110839844 1  0
space 1501703485 622.520263671875 632.419189453125 1  0
t 1501703486 591.817810058594 291.680755615234 1  0
h 1501703488 761.196228027344 415.739074707031 1  0
e 1501703489 307.714630126953 292.251007080078 1  0
space 1501703489 488.531372070312 670.443237304688 0  0
e 1501703490 320.804992675781 301.515747070312 1  0
n 1501703491 881.428527832031 527.860961914062 1  0
g 1501703492 635.353271484375 404.800842285156 2  0
i 1501703493 969.958923339844 270.128753662109 1  0
n 1501703494 857.69384765625 536.19091796875 2  0
n 1501703494 866.356872558594 534.146362304688 2  0
n 1501703494 901.474792480469 535.766845703125 1  0
enter 1501703496 1181.76696777344 581.291198730469 0  0
back 1501703497 1154.93957519531 560.402282714844 1  0
back 1501703498 1156.14392089844 520.30126953125 1  0
e 1501703499 323.889221191406 262.006256103516 1  0
