t 1501703506 555.658996582031 290.640808105469 1  0
i 1501703506 931.185913085938 283.245147705078 1  0
n 1501703507 844.676147460938 552.476684570312 2  0
back 1501703509 1138.01733398438 528.52685546875 1  0
back 1501703509 1142.34545898438 521.396423339844 1  0
back 1501703509 1152.25317382812 524.004089355469 1  0
t 1501703510 576.424865722656 281.389709472656 2  0
i 1501703511 962.916687011719 278.276550292969 1  0
m 1501703511 1011.08862304688 528.421630859375 1  0
e 1501703513 290.741912841797 296.547454833984 1  0
space 1501703514 599.624816894531 676.47900390625 1  0
t 1501703514 550.656555175781 249.172286987305 1  0
t 1501703515 557.813171386719 254.975875854492 1  0
back 1501703516 1197.92163085938 474.151184082031 0  0
o 1501703517 1067.94421386719 283.589141845703 2  0
space 1501703518 582.504760742188 607.750183105469 1  0
g 1501703519 649.849792480469 388.077575683594 1  0
o 1501703520 1074.30822753906 263.781372070312 1  0
space 1501703521 675.725646972656 635.29443359375 1  0
s 1501703522 262.839752197266 392.969848632812 1  0
h 1501703523 775.156921386719 402.147735595703 1  0
o 1501703524 1072.5390625 277.363952636719 2  0
l 1501703524 1104.14697265625 368.092956542969 4  0
p 1501703524 1207.84057617188 287.475067138672 2  0
back 1501703527 1179.33422851562 521.855224609375 2  0
back 1501703527 1157.01879882812 520.401550292969 1  0
p 1501703528 1212.62963867188 241.928604125977 1  0
p 1501703528 1226.181640625 247.910766601562 1  0
p 1501703529 1209.00341796875 291.512084960938 2  0
back 1501703529 1159.74145507812 564.423706054688 1  0
i 1501703533 975.770812988281 228.424865722656 1  0
i 1501703533 976.492858886719 228.711990356445 2  0
i 1501703533 985.905029296875 228.296524047852 2  0
back 1501703534 1161.67700195312 496.423217773438 2  0
back 1501703534 1202.14526367188 503.743499755859 1  0
back 1501703534 1197.04248046875 500.410827636719 1  0
i 1501703536 938.484802246094 282.829071044922 1  0
i 1501703537 929.697631835938 286.463958740234 1  0
back 1501703537 1192.93566894531 501.246826171875 1  0
n 1501703540 902.936645507812 528.188293457031 1  0
g 1501703541 666.564697265625 392.38232421875 1  0
