p 1501703755 1226.71728515625 255.457763671875 1  0
r 1501703755 450.611389160156 251.576126098633 1  0
o 1501703756 1114.97277832031 281.695190429688 1  0
t 1501703757 628.226257324219 258.249359130859 1  0
e 1501703757 328.911102294922 258.151336669922 1  0
c 1501703758 552.641662597656 500.539703369141 2  0
t 1501703759 621.437377929688 248.621688842773 1  0
space 1501703760 683.757019042969 681.279602050781 0  0
y 1501703760 719.322143554688 256.404296875 1  0
o 1501703761 1096.36389160156 252.518188476562 1  0
o 1501703761 1113.83447265625 264.041717529297 1  0
u 1501703761 825.400207519531 242.99934387207 1  0
back 1501703762 1198.52795410156 530.512329101562 2  0
back 1501703762 1206.1748046875 506.651062011719 1  0
u 1501703763 842.291564941406 257.161407470703 1  0
r 1501703764 458.417297363281 253.014221191406 1  0
space 1501703764 549.156005859375 625.91162109375 1  0
space 1501703764 552.579650878906 625.640869140625 1  0
e 1501703765 315.861480712891 260.069976806641 1  0
n 1501703766 900.900939941406 520.205322265625 1  0
v 1501703767 635.844604492188 503.595458984375 1  0
i 1501703767 961.321411132812 271.34228515625 1  0
r 1501703768 458.766662597656 277.117340087891 1  0
o 1501703769 1101.79504394531 276.040069580078 1  0
n 1501703770 880.11279296875 545.598815917969 1  0
m 1501703771 1032.19091796875 523.352966308594 1  0
e 1501703771 316.532684326172 286.374908447266 1  0
n 1501703772 920.027709960938 542.431518554688 1  0
t 1501703773 593.560913085938 252.946792602539 1  0
