i 1501703108 1004.11773681641 266.856750488281 1  0
i 1501703108 978.866088867188 272.339569091797 1  0
back 1501703110 1199.73425292969 513.615844726562 1  0
back 1501703110 1203.56030273438 523.326965332031 1  0
i 1501703113 929.51220703125 266.670623779297 1  0
space 1501703117 665.804992675781 603.182373046875 2  0
a 1501703118 142.683197021484 392.8759765625 1  0
a 1501703118 140.783828735352 396.277984619141 1  0
back 1501703121 1269.61926269531 524.874633789062 1  0
g 1501703125 603.377502441406 400.697113037109 1  0
r 1501703126 448.07568359375 289.344879150391 1  0
e 1501703128 325.740936279297 266.682861328125 1  0
e 1501703128 317.541961669922 277.167053222656 1  0
space 1501703128 689.368530273438 627.642028808594 1  0
space 1501703129 777.8779296875 621.322265625 2  0
w 1501703129 193.80827331543 277.18701171875 1  0
i 1501703130 973.941711425781 276.354217529297 1  0
t 1501703131 596.373413085938 278.401092529297 1  0
h 1501703131 783.890563964844 392.385467529297 2  0
h 1501703131 769.170593261719 397.15625 1  0
back 1501703133 1186.7060546875 511.084350585938 1  0
space 1501703134 770.977416992188 677.771728515625 4  0
space 1501703134 783.308227539062 624.266418457031 2  0
back 1501703136 1203.28967285156 490.735534667969 1  0
back 1501703136 1208.47546386719 485.561737060547 1  0
y 1501703137 723.97900390625 267.923461914062 1  0
back 1501703138 1170.08813476562 502.212463378906 1  0
y 1501703140 723.6689453125 272.428588867188 1  0
o 1501703141 1085.96997070312 279.381866455078 1  0
back 1501703142 1174.77478027344 518.822631835938 1  0
back 1501703144 1218.05432128906 522.177124023438 1  0
space 1501703145 884.60302734375 629.756469726562 2  0
y 1501703146 725.259094238281 290.897125244141 2  0
o 1501703147 1085.19189453125 280.650054931641 2  0
u 1501703150 843.143249511719 227.232147216797 2  0
