c 1501703191 496.343719482422 524.041748046875 2  0
a 1501703192 118.741577148438 389.326873779297 1  0
a 1501703192 125.616798400879 388.774047851562 1  0
back 1501703193 1139.15771484375 555.556091308594 2  0
l 1501703194 1136.42651367188 399.22265625 1  0
l 1501703196 1150.3642578125 370.899169921875 1  0
space 1501703198 814.219116210938 638.683044433594 1  0
f 1501703200 507.577117919922 419.821472167969 2  0
o 1501703201 1102.85192871094 271.475799560547 1  0
r 1501703202 456.570678710938 257.475372314453 1  0
space 1501703203 615.666015625 634.81494140625 1  0
m 1501703204 1022.60528564453 511.552764892578 1  0
o 1501703205 1094.87585449219 258.329559326172 2  0
r 1501703205 445.514251708984 264.059539794922 1  0
r 1501703206 452.967010498047 263.629058837891 2  0
e 1501703206 309.941864013672 291.898986816406 1  0
back 1501703207 1174.38439941406 556.153442382812 2  0
back 1501703207 1200.8125 540.505126953125 1  0
e 1501703209 340.888061523438 227.32096862793 2  0
space 1501703210 634.516540527344 623.883544921875 1  0
d 1501703213 391.762634277344 405.872436523438 1  0
e 1501703214 324.284454345703 280.238525390625 1  0
e 1501703214 317.765014648438 277.665710449219 2  0
back 1501703215 1162.30871582031 528.635498046875 2  0
t 1501703219 576.691101074219 228.419296264648 1  0
a 1501703220 145.232177734375 380.69384765625 1  0
a 1501703221 106.48755645752 399.718109130859 2  0
back 1501703222 1199.84155273438 500.698211669922 2  0
i 1501703223 972.598510742188 263.71142578125 1  0
l 1501703224 1144.69995117188 412.233825683594 1  0
s 1501703225 255.648559570312 393.889526367188 1  0
