a 1501703273 149.074447631836 390.993865966797 1  0
l 1501703273 1149.02404785156 409.496337890625 1  0
l 1501703274 1145.13134765625 411.00341796875 2  0
space 1501703275 634.86474609375 650.818176269531 1  0
w 1501703276 212.336685180664 262.5908203125 1  0
o 1501703277 1087.82824707031 264.587188720703 1  0
r 1501703278 475.735107421875 261.097747802734 1  0
k 1501703279 1038.98278808594 402.057830810547 1  0
space 1501703280 689.407775878906 641.796447753906 3  0
a 1501703281 145.310913085938 384.794921875 1  0
n 1501703282 903.058471679688 514.771667480469 2  0
n 1501703282 897.485046386719 520.816223144531 1  0
back 1501703283 1184.48376464844 528.233581542969 1  0
d 1501703285 386.764678955078 379.249053955078 1  0
space 1501703287 748.890686035156 613.490417480469 2  0
n 1501703287 864.890319824219 507.957366943359 1  0
n 1501703287 884.937194824219 515.702758789062 3  0
back 1501703288 1185.28271484375 481.963043212891 1  0
o 1501703289 1087.7509765625 263.559234619141 1  0
space 1501703292 689.427490234375 628.311889648438 1  0
p 1501703292 1235.95812988281 257.472015380859 2  0
p 1501703293 1233.51037597656 257.496917724609 2  0
l 1501703293 1134.65783691406 380.032989501953 2  0
back 1501703294 1194.43518066406 461.999694824219 1  0
back 1501703296 1149.39807128906 527.623962402344 2  0
l 1501703298 1189.04162597656 385.093505859375 2  0
a 1501703299 108.835891723633 422.08203125 2  0
y 1501703300 728.049194335938 266.560607910156 1  0
