s 1501703633 234.575607299805 404.985260009766 1  0
s 1501703633 249.163665771484 419.019439697266 1  0
back 1501703634 1175.56481933594 539.115844726562 1  0
back 1501703634 1170.09924316406 549.717407226562 1  0
s 1501703635 283.339080810547 396.795867919922 1  0
t 1501703636 555.3193359375 283.094055175781 1  0
a 1501703638 125.377311706543 394.780090332031 1  0
b 1501703640 781.11083984375 488.624450683594 1  0
i 1501703641 967.194274902344 252.766738891602 1  0
i 1501703641 958.130126953125 246.425186157227 1  0
back 1501703642 1164.20239257812 490.612548828125 1  0
l 1501703643 1141.77758789062 396.229919433594 2  0
i 1501703644 973.406494140625 231.725219726562 1  0
t 1501703645 592.024963378906 249.448257446289 1  0
t 1501703645 585.09716796875 250.008728027344 1  0
back 1501703646 1183.50048828125 514.734802246094 2  0
y 1501703647 739.688598632812 253.723480224609 2  0
space 1501703648 626.586547851562 625.859619140625 1  0
o 1501703649 1090.466796875 257.823028564453 1  0
o 1501703649 1099.01403808594 259.892456054688 1  0
back 1501703650 1192.54626464844 517.412109375 1  0
f 1501703651 497.027526855469 422.032592773438 1  0
space 1501703652 558.810668945312 652.108093261719 1  0
t 1501703653 575.277770996094 247.525085449219 1  0
h 1501703654 783.605163574219 368.444854736328 1  0
e 1501703655 331.937225341797 230.292572021484 1  0
space 1501703656 617.779846191406 692.523620605469 0  0
space 1501703656 747.068237304688 620.383483886719 1  0
n 1501703657 884.800903320312 522.5029296875 1  0
a 1501703658 144.619567871094 376.463470458984 1  0
a 1501703659 155.539962768555 351.253814697266 1  0
back 1501703660 1207.41760253906 509.439849853516 2  0
t 1501703661 534.097717285156 254.997039794922 1  0
i 1501703661 933.154968261719 251.030364990234 1  0
o 1501703662 1104.76196289062 259.601348876953 1  0
n 1501703662 888.228698730469 509.328247070312 1  0
