w 1501703547 222.993911743164 300.816955566406 1  0
i 1501703548 950.704467773438 289.418731689453 1  0
t 1501703549 571.062377929688 293.355651855469 1  0
h 1501703550 780.264099121094 411.138122558594 1  0
space 1501703550 704.723388671875 659.109558105469 1  0
space 1501703550 673.607543945312 677.540954589844 0  0
e 1501703551 314.214508056641 255.719879150391 1  0
a 1501703552 150.910690307617 412.044006347656 1  0
c 1501703553 523.624328613281 529.165710449219 1  0
h 1501703554 775.457092285156 389.298004150391 1  0
space 1501703554 725.812255859375 657.782958984375 1  0
s 1501703556 215.81706237793 401.192657470703 1  0
s 1501703556 228.54280090332 372.793762207031 1  0
s 1501703557 252.672271728516 329.697174072266 1  0
back 1501703558 1172.7412109375 517.116821289062 1  0
back 1501703558 1176.10766601562 556.016967773438 1  0
t 1501703559 591.208068847656 273.30615234375 1  0
e 1501703562 331.404998779297 288.959838867188 1  0
p 1501703563 1216.71398925781 267.297821044922 1  0
space 1501703569 643.29541015625 633.305847167969 1  0
f 1501703570 480.912994384766 427.761535644531 1  0
o 1501703571 1084.63354492188 289.475006103516 2  0
r 1501703572 428.96533203125 287.962371826172 1  0
w 1501703573 204.394683837891 288.899841308594 1  0
a 1501703573 110.487243652344 413.068756103516 1  0
r 1501703574 448.995758056641 273.256134033203 1  0
d 1501703575 369.994415283203 426.405426025391 1  0
