t 1501703409 566.46142578125 275.305328369141 1  0
h 1501703412 750.492614746094 361.679870605469 2  0
h 1501703412 755.359436035156 398.262725830078 3  0
h 1501703412 768.534912109375 389.681793212891 2  0
back 1501703413 1194.09924316406 517.288879394531 2  0
back 1501703413 1199.62121582031 516.8505859375 1  0
e 1501703414 322.688110351562 271.065795898438 1  0
space 1501703417 616.542175292969 627.328247070312 1  0
p 1501703418 1222.10424804688 276.684265136719 2  0
p 1501703418 1219.48425292969 276.723022460938 1  0
back 1501703419 1154.45861816406 506.851806640625 2  0
r 1501703421 413.848510742188 282.813934326172 2  0
i 1501703425 907.81982421875 287.882904052734 1  0
space 1501703426 484.933624267578 581.015625 1  0
back 1501703427 1173.19836425781 525.735778808594 1  0
c 1501703428 505.116241455078 549.454711914062 1  0
e 1501703428 293.236572265625 283.093353271484 1  0
space 1501703431 594.928405761719 647.572326660156 1  0
o 1501703432 1083.24462890625 289.586822509766 2  0
f 1501703433 509.92822265625 396.564208984375 1  0
space 1501703435 637.177795410156 605.448303222656 1  0
g 1501703436 647.815002441406 404.315032958984 1  0
a 1501703436 118.51545715332 393.792388916016 1  0
x 1501703437 361.562194824219 561.710510253906 0  0
s 1501703437 259.13330078125 383.686798095703 1  0
back 1501703438 1175.40295410156 515.54736328125 1  0
back 1501703440 1194.13879394531 536.965270996094 2  0
s 1501703442 266.3203125 374.036193847656 1  0
space 1501703443 675.002563476562 636.868347167969 1  0
i 1501703446 927.558715820312 231.286727905273 1  0
s 1501703447 222.005554199219 390.434967041016 1  0
space 1501703448 734.671691894531 624.736511230469 2  0
h 1501703450 761.534301757812 403.409759521484 1  0
i 1501703452 939.628967285156 240.153289794922 2  0
g 1501703454 649.849792480469 388.077575683594 1  0
h 1501703458 823.367431640625 371.591827392578 1  0
