t 1501703733 577.418029785156 248.042022705078 2  0
h 1501703734 770.702270507812 370.165435791016 1  0
i 1501703734 1004.28625488281 239.762588500977 1  0
s 1501703735 261.939544677734 382.263214111328 1  0
space 1501703735 608.275085449219 602.670776367188 1  0
p 1501703736 1230.74743652344 260.478454589844 2  0
e 1501703737 304.937957763672 262.333557128906 1  0
r 1501703737 472.602172851562 249.968521118164 1  0
s 1501703738 266.641357421875 378.975494384766 1  0
o 1501703739 1129.99182128906 267.392883300781 1  0
n 1501703739 898.550964355469 495.594299316406 1  0
space 1501703740 743.840515136719 608.995056152344 1  0
i 1501703740 995.411437988281 229.082702636719 1  0
s 1501703741 267.476348876953 385.583099365234 1  0
space 1501703742 641.848510742188 601.701354980469 2  0
a 1501703742 129.219146728516 356.803314208984 1  0
space 1501703743 727.529602050781 669.5927734375 1  0
d 1501703744 396.449920654297 364.427398681641 1  0
i 1501703745 992.925415039062 253.276763916016 1  0
s 1501703745 263.013732910156 375.671905517578 1  0
a 1501703746 138.834197998047 374.189392089844 1  0
s 1501703746 241.931579589844 374.799072265625 1  0
t 1501703747 613.769104003906 248.724426269531 2  0
e 1501703748 343.185028076172 272.336791992188 1  0
r 1501703748 473.822875976562 255.562042236328 1  0
