t 1501703802 584.362548828125 274.720520019531 1  0
i 1501703803 975.002136230469 263.172698974609 1  0
c 1501703803 547.417053222656 539.652282714844 1  0
k 1501703804 1032.30798339844 399.001647949219 1  0
e 1501703805 356.823974609375 278.296447753906 1  0
t 1501703805 592.592102050781 265.439819335938 1  0
s 1501703806 274.015258789062 397.202728271484 1  0
space 1501703807 672.100402832031 631.366943359375 1  0
a 1501703807 145.205673217773 418.821746826172 1  0
r 1501703808 466.213653564453 274.792907714844 1  0
e 1501703808 324.250946044922 279.896881103516 1  0
space 1501703809 623.776184082031 623.383544921875 1  0
v 1501703810 637.218383789062 522.842590332031 1  0
e 1501703811 326.933624267578 266.4140625 1  0
r 1501703811 455.357269287109 277.90966796875 1  0
y 1501703811 734.481262207031 270.349456787109 1  0
space 1501703812 607.664428710938 687.273254394531 0  0
e 1501703813 338.911926269531 264.238098144531 1  0
x 1501703813 411.068481445312 534.391540527344 1  0
v 1501703814 585.796508789062 497.727447509766 1  0
p 1501703814 1210.97082519531 272.585266113281 1  0
back 1501703815 1215.74108886719 518.966247558594 1  0
back 1501703815 1218.43212890625 505.677673339844 2  0
p 1501703816 1253.46813964844 272.608306884766 1  0
e 1501703817 329.042541503906 282.609039306641 1  0
n 1501703818 919.239013671875 539.103942871094 1  0
s 1501703818 258.592010498047 409.380432128906 1  0
i 1501703819 1003.86956787109 247.907806396484 1  0
v 1501703820 643.229919433594 532.034362792969 1  0
e 1501703820 317.678192138672 259.060791015625 1  0
