h 1501703230 774.8974609375 399.091278076172 1  0
a 1501703231 124.685745239258 421.322296142578 1  0
v 1501703232 667.583740234375 521.784545898438 1  0
v 1501703232 651.089416503906 538.700866699219 3  0
back 1501703233 1177.97888183594 505.663024902344 1  0
e 1501703234 321.349639892578 268.072357177734 1  0
e 1501703234 323.781982421875 257.359497070312 2  0
e 1501703234 316.274353027344 260.726257324219 1  0
back 1501703235 1171.57141113281 522.47119140625 1  0
back 1501703235 1172.03784179688 512.2490234375 2  0
back 1501703236 1170.23767089844 508.995544433594 2  0
e 1501703237 326.610107421875 264.888946533203 1  0
space 1501703237 859.87646484375 658.489685058594 4  0
a 1501703238 162.633544921875 369.533935546875 1  0
a 1501703238 149.137451171875 366.509155273438 1  0
back 1501703239 1170.41174316406 516.113403320312 2  0
space 1501703240 866.319641113281 673.794677734375 4  0
g 1501703240 641.005187988281 401.954956054688 1  0
o 1501703241 1078.94604492188 278.914489746094 1  0
o 1501703242 1099.49841308594 275.708374023438 1  0
d 1501703243 398.658599853516 400.020233154297 1  0
space 1501703245 702.769104003906 617.137390136719 1  0
w 1501703246 193.487686157227 267.219940185547 1  0
w 1501703246 187.783874511719 260.786743164062 1  0
w 1501703246 190.856384277344 260.192993164062 2  0
e 1501703246 338.233123779297 255.499603271484 2  0
back 1501703247 1176.25354003906 517.686828613281 2  0
back 1501703247 1188.21313476562 500.772430419922 1  0
back 1501703248 1177.95422363281 521.964721679688 2  0
e 1501703248 347.100708007812 264.264953613281 1  0
e 1501703251 378.830230712891 217.503219604492 2  0
k 1501703252 1026.08996582031 404.114685058594 1  0
e 1501703254 306.505828857422 271.168884277344 1  0
n 1501703255 908.8212890625 519.575927734375 1  0
d 1501703256 372.721069335938 377.638488769531 1  0
d 1501703257 370.258636474609 373.727264404297 2  0
back 1501703258 1153.09069824219 523.598266601562 2  0
