c 1501703781 519.450866699219 502.845184326172 1  0
o 1501703782 1087.69897460938 253.562347412109 1  0
m 1501703783 1039.33654785156 512.600708007812 1  0
p 1501703783 1232.98046875 262.367309570312 1  0
a 1501703784 138.279663085938 385.531555175781 1  0
n 1501703785 875.909362792969 532.370300292969 2  0
i 1501703786 1003.59185791016 237.574401855469 1  0
e 1501703786 352.405120849609 268.66162109375 1  0
s 1501703787 281.715301513672 370.057922363281 1  0
space 1501703787 584.488708496094 585.969970703125 1  0
a 1501703788 140.942230224609 391.134338378906 1  0
n 1501703789 921.47021484375 500.228759765625 1  0
n 1501703789 919.497253417969 518.7275390625 2  0
o 1501703790 1132.42028808594 245.81282043457 1  0
u 1501703790 872.004699707031 259.590087890625 1  0
n 1501703791 892.912353515625 524.234130859375 1  0
c 1501703792 489.501342773438 504.552551269531 1  0
e 1501703792 325.400573730469 241.873397827148 1  0
space 1501703793 617.559814453125 613.752807617188 1  0
a 1501703793 125.143814086914 385.903442382812 1  0
space 1501703794 679.505004882812 629.264526367188 1  0
m 1501703794 1037.61706542969 519.527893066406 1  0
e 1501703795 333.209564208984 264.699615478516 1  0
r 1501703796 460.243957519531 253.9013671875 1  0
g 1501703796 666.936340332031 408.422912597656 1  0
e 1501703797 335.812469482422 266.384918212891 1  0
r 1501703797 473.767669677734 269.874969482422 1  0
