p 1501703669 1176.0439453125 287.624237060547 1  0
p 1501703669 1176.0439453125 287.624237060547 2  0
l 1501703669 1146.98266601562 407.779876708984 1  0
back 1501703670 1222.46435546875 460.108276367188 1  0
back 1501703670 1214.56982421875 463.972961425781 2  0
l 1501703671 1132.47424316406 411.673034667969 1  0
a 1501703672 146.706039428711 399.905792236328 1  0
s 1501703672 252.839538574219 400.441955566406 1  0
back 1501703673 1198.15563964844 474.983551025391 1  0
back 1501703674 1167.12219238281 480.685760498047 2  0
e 1501703675 342.913665771484 285.619781494141 1  0
a 1501703675 160.475463867188 417.425567626953 1  0
a 1501703675 173.086853027344 407.017059326172 1  0
s 1501703676 260.363128662109 392.484619140625 1  0
back 1501703676 1188.55920410156 498.365783691406 1  0
back 1501703677 1183.90844726562 508.419372558594 2  0
s 1501703677 278.868469238281 438.824859619141 1  0
e 1501703678 325.118194580078 272.764434814453 1  0
space 1501703679 476.555419921875 622.042114257812 1  0
f 1501703680 541.411315917969 382.062438964844 1  0
o 1501703681 1085.57312011719 239.238952636719 1  0
l 1501703681 1157.61096191406 360.381958007812 1  0
o 1501703682 1132.72729492188 252.344207763672 1  0
back 1501703683 1203.4033203125 487.495727539062 1  0
back 1501703683 1212.96179199219 489.966674804688 2  0
l 1501703684 1162.1416015625 384.165771484375 1  0
l 1501703684 1176.07312011719 369.696441650391 1  0
l 1501703685 1175.57788085938 367.680725097656 1  0
back 1501703686 1216.46862792969 529.089599609375 2  0
o 1501703686 1132.24438476562 262.384948730469 1  0
w 1501703687 210.343994140625 248.092391967773 1  0
space 1501703688 610.970153808594 621.022827148438 1  0
t 1501703689 580.946044921875 227.210815429688 1  0
h 1501703689 772.327209472656 360.612213134766 2  0
e 1501703690 292.757690429688 237.78678894043 1  0
space 1501703690 513.704223632812 609.990051269531 1  0
g 1501703691 661.336486816406 382.364868164062 1  0
u 1501703692 822.9130859375 265.622344970703 2  0
i 1501703692 989.98583984375 251.444091796875 1  0
d 1501703693 389.852172851562 360.845550537109 1  0
e 1501703693 333.198425292969 268.147583007812 1  0
e 1501703693 328.350158691406 271.986114501953 1  0
back 1501703694 1195.51110839844 481.659820556641 1  0
l 1501703694 1167.46691894531 399.818267822266 1  0
i 1501703695 995.410827636719 242.55094909668 1  0
n 1501703696 885.899841308594 506.286285400391 1  0
e 1501703696 346.282409667969 232.583694458008 1  0
s 1501703697 264.166931152344 390.639495849609 1  0
