f 1501703352 494.407958984375 401.399627685547 1  0
o 1501703353 1047.79663085938 282.801635742188 2  0
r 1501703353 448.509613037109 260.714050292969 1  0
space 1501703355 631.053894042969 616.060119628906 1  0
y 1501703358 688.291442871094 244.766799926758 1  0
o 1501703359 1102.01965332031 260.339752197266 1  0
o 1501703359 1086.044921875 257.145111083984 2  0
back 1501703361 1184.48376464844 528.233581542969 2  0
u 1501703362 863.57568359375 271.818511962891 1  0
r 1501703363 461.373840332031 260.363006591797 1  0
space 1501703364 602.703369140625 655.376892089844 1  0
i 1501703369 954.366027832031 271.730987548828 2  0
space 1501703371 875.147277832031 577.819702148438 1  0
back 1501703372 1188.1328125 521.157043457031 1  0
n 1501703372 893.650329589844 505.669799804688 1  0
n 1501703372 868.500915527344 509.708282470703 1  0
back 1501703374 1160.57421875 509.762969970703 2  0
f 1501703376 504.813903808594 408.76904296875 1  0
o 1501703377 1079.17004394531 254.077987670898 1  0
o 1501703377 1076.74047851562 263.585205078125 1  0
back 1501703379 1227.17846679688 511.437255859375 1  0
r 1501703382 431.588165283203 266.047821044922 1  0
r 1501703383 429.537322998047 284.817565917969 1  0
back 1501703384 1154.60388183594 520.593200683594 2  0
m 1501703384 1022.72839355469 537.673278808594 1  0
a 1501703385 131.898193359375 390.835113525391 1  0
t 1501703386 585.680847167969 258.413055419922 1  0
i 1501703388 976.070617675781 214.402267456055 1  0
o 1501703388 1112.84643554688 241.352264404297 1  0
n 1501703389 900.963256835938 495.402313232422 1  0
n 1501703389 903.119323730469 498.4599609375 2  0
back 1501703390 1182.71118164062 518.192687988281 2  0
space 1501703392 683.576843261719 673.392944335938 4  0
o 1501703393 1072.98010253906 271.643615722656 1  0
n 1501703395 889.965270996094 522.092590332031 1  0
l 1501703395 1136.4970703125 376.633087158203 1  0
y 1501703400 698.285949707031 237.226211547852 1  0
