t 1501703580 564.445129394531 278.051879882812 1  0
h 1501703581 777.34375 403.340087890625 1  0
e 1501703581 346.625762939453 280.843109130859 1  0
space 1501703583 657.317016601562 630.006408691406 1  0
s 1501703584 268.423400878906 398.506713867188 1  0
e 1501703584 324.603729248047 265.740814208984 1  0
c 1501703585 532.149658203125 488.574645996094 1  0
c 1501703585 531.116943359375 505.483093261719 1  0
back 1501703586 1174.03308105469 499.180267333984 1  0
o 1501703587 1090.43359375 292.277923583984 1  0
n 1501703587 873.643493652344 542.722717285156 1  0
d 1501703588 363.810729980469 400.252380371094 1  0
space 1501703589 649.873657226562 693.355712890625 0  0
l 1501703590 1146.67639160156 410.709167480469 1  0
a 1501703591 175.314117431641 413.501678466797 1  0
r 1501703592 425.115203857422 287.757019042969 1  0
v 1501703593 631.581237792969 448.116760253906 2  0
back 1501703594 1186.33752441406 506.018310546875 1  0
g 1501703595 630.944030761719 361.171325683594 1  0
e 1501703596 344.412628173828 300.985290527344 1  0
d 1501703598 356.977691650391 413.788330078125 1  0
back 1501703599 1178.81604003906 545.638000488281 0  0
s 1501703600 234.586227416992 362.200561523438 1  0
t 1501703601 564.188232421875 282.894500732422 1  0
space 1501703601 712.046081542969 687.621398925781 0  0
c 1501703602 533.122253417969 463.480987548828 1  0
c 1501703603 559.893371582031 464.408020019531 1  0
o 1501703603 1070.5458984375 278.730194091797 1  0
enter 1501703605 1104.02880859375 618.172058105469 0  0
back 1501703608 1187.86071777344 524.572509765625 1  0
back 1501703608 1148.63146972656 524.29150390625 1  0
o 1501703609 1054.880859375 293.247222900391 1  0
u 1501703611 863.207458496094 263.058898925781 1  0
b 1501703612 796.995910644531 516.58349609375 1  0
n 1501703612 878.457214355469 500.082489013672 1  0
back 1501703613 1194.09924316406 517.288879394531 1  0
back 1501703613 1212.83923339844 512.40576171875 1  0
back 1501703614 1211.63098144531 512.501708984375 1  0
u 1501703615 801.622619628906 278.195159912109 1  0
n 1501703616 891.673034667969 509.054351806641 1  0
t 1501703618 552.955810546875 289.654266357422 1  0
r 1501703621 502.921722412109 268.551971435547 1  0
y 1501703623 687.37158203125 272.258239746094 1  0
