t 1501686414 548.549987792969 286.218139648438 2  0
i 1501686415 925.477600097656 263.988372802734 3  0
c 1501686415 496.300506591797 487.761566162109 1  0
k 1501686416 982.437194824219 385.547241210938 1  0
e 1501686417 378.411499023438 273.962371826172 1  0
t 1501686417 573.022338867188 298.466522216797 1  0
t 1501686417 571.140075683594 277.737335205078 1  0
s 1501686417 317.985107421875 389.770202636719 1  0
back 1501686418 1105.94567871094 483.369354248047 2  0
back 1501686419 1127.28161621094 497.917205810547 1  0
s 1501686421 346.553649902344 369.055511474609 1  0
space 1501686421 647.251342773438 573.617858886719 1  0
space 1501686421 698.432556152344 636.990417480469 0  0
space 1501686421 640.694213867188 577.574951171875 1  0
r 1501686423 487.461578369141 291.086090087891 1  0
back 1501686424 1064.41967773438 454.133941650391 2  0
s 1501686424 283.692169189453 382.379760742188 3  0
back 1501686426 1156.98425292969 511.249206542969 1  0
a 1501686427 215.539962768555 391.113464355469 2  0
a 1501686427 213.213714599609 392.170928955078 1  0
back 1501686428 1157.70056152344 485.640960693359 3  0
r 1501686429 480.085845947266 279.332427978516 2  0
e 1501686429 367.887359619141 269.776092529297 1  0
space 1501686430 627.546691894531 588.906433105469 1  0
v 1501686430 607.766723632812 488.399169921875 1  0
e 1501686431 369.603546142578 291.065734863281 1  0
r 1501686431 480.029449462891 288.044036865234 3  0
y 1501686432 692.949035644531 283.003204345703 2  0
y 1501686432 722.496398925781 300.218444824219 1  0
back 1501686433 1143.63000488281 480.274230957031 1  0
space 1501686433 697.221984863281 617.325012207031 1  0
e 1501686435 371.779113769531 270.326416015625 1  0
x 1501686436 413.945037841797 494.531890869141 3  0
p 1501686436 1172.60668945312 287.597625732422 3  0
e 1501686437 389.880218505859 302.446441650391 1  0
n 1501686438 821.877014160156 496.917633056641 1  0
s 1501686438 358.450653076172 408.926147460938 1  0
i 1501686439 938.267639160156 273.549041748047 1  0
v 1501686440 624.964050292969 486.985687255859 2  0
e 1501686440 371.779388427734 281.132202148438 1  0
