c 1501685580 538.210998535156 500.646148681641 1  0
a 1501685581 215.150115966797 406.030151367188 1  0
l 1501685582 1097.67370605469 389.189331054688 1  0
l 1501685582 1104.576171875 388.621337890625 1  0
space 1501685583 631.546508789062 598.824829101562 1  0
f 1501685584 536.184509277344 396.017425537109 1  0
f 1501685584 536.657531738281 399.263458251953 1  0
back 1501685585 1125.080078125 491.579895019531 1  0
o 1501685586 1045.32250976562 294.792388916016 3  0
r 1501685586 464.816741943359 293.129241943359 2  0
space 1501685587 651.599548339844 597.180419921875 1  0
m 1501685589 983.0341796875 490.203247070312 1  0
o 1501685590 1034.93957519531 295.648498535156 3  0
r 1501685590 478.405242919922 298.620300292969 1  0
e 1501685590 379.376037597656 280.330657958984 1  0
space 1501685591 644.348449707031 587.5283203125 1  0
d 1501685592 422.794250488281 382.346160888672 2  0
e 1501685592 379.090606689453 313.425201416016 1  0
a 1501685593 222.784393310547 392.247955322266 1  0
back 1501685594 1116.68359375 485.748748779297 1  0
t 1501685595 619.408325195312 296.900115966797 2  0
a 1501685595 241.190307617188 400.597412109375 2  0
i 1501685596 917.374694824219 302.042510986328 1  0
l 1501685597 1079.50695800781 380.839965820312 1  0
s 1501685597 316.936126708984 410.789306640625 1  0
