f 1501685688 551.6591796875 398.028076171875 1  0
o 1501685689 1034.01208496094 285.821838378906 3  0
r 1501685690 496.698272705078 300.416076660156 1  0
space 1501685690 655.467163085938 590.203491210938 1  0
space 1501685690 675.939758300781 581.519958496094 1  0
y 1501685691 680.531616210938 298.464996337891 1  0
o 1501685691 997.927917480469 285.495544433594 1  0
u 1501685692 826.809509277344 283.092681884766 1  0
r 1501685692 492.241668701172 297.478424072266 1  0
space 1501685692 688.912353515625 571.909606933594 1  0
i 1501685693 888.485900878906 304.424682617188 1  0
b 1501685694 766.199096679688 491.70361328125 1  0
back 1501685694 1090.04382324219 481.413665771484 1  0
n 1501685695 851.605834960938 487.949859619141 1  0
f 1501685696 526.527770996094 396.812713623047 2  0
o 1501685696 1023.35980224609 290.002044677734 1  0
r 1501685696 470.562866210938 289.347686767578 2  0
m 1501685697 957.146789550781 502.110778808594 1  0
a 1501685698 240.544311523438 390.784423828125 1  0
n 1501685699 855.547790527344 518.856689453125 0  0
t 1501685699 590.794677734375 292.651184082031 1  0
back 1501685700 1104.84240722656 480.198150634766 1  0
back 1501685700 1094.76171875 484.287933349609 1  0
t 1501685701 596.525268554688 302.092102050781 2  0
i 1501685702 906.995178222656 302.898406982422 2  0
o 1501685702 1002.08221435547 285.152893066406 1  0
n 1501685703 844.725769042969 488.51513671875 1  0
space 1501685704 748.288757324219 591.30029296875 0  0
o 1501685707 1037.26733398438 298.756256103516 3  0
n 1501685707 827.870239257812 489.899993896484 1  0
l 1501685708 1081.03491210938 387.277740478516 1  0
y 1501685708 725.227355957031 291.4736328125 1  0
