p 1501686335 1147.1298828125 270.234069824219 1  0
r 1501686336 459.666412353516 266.206329345703 2  0
o 1501686336 1021.54876708984 300.399536132812 3  0
t 1501686337 573.22998046875 287.314208984375 1  0
r 1501686338 427.967254638672 290.600555419922 3  0
back 1501686339 1135.06213378906 474.453216552734 1  0
e 1501686340 363.541320800781 282.509246826172 1  0
c 1501686341 525.533996582031 511.477905273438 1  0
t 1501686341 592.533630371094 300.334869384766 1  0
space 1501686342 605.768188476562 607.765930175781 1  0
y 1501686344 697.690307617188 277.390441894531 3  0
o 1501686345 1012.146484375 275.629516601562 1  0
u 1501686345 793.776123046875 275.726898193359 1  0
t 1501686346 550.341064453125 281.021392822266 3  0
back 1501686347 1135.71423339844 480.924377441406 3  0
r 1501686348 473.002166748047 267.022613525391 1  0
space 1501686348 583.871032714844 606.148254394531 1  0
e 1501686350 369.901611328125 317.486846923828 1  0
n 1501686351 863.646362304688 486.960632324219 1  0
v 1501686354 625.836547851562 496.709381103516 1  0
i 1501686355 916.253173828125 296.749847412109 2  0
r 1501686355 508.061157226562 287.645141601562 1  0
o 1501686359 1039.06103515625 303.990783691406 3  0
n 1501686359 871.8251953125 489.551910400391 1  0
m 1501686360 955.255920410156 489.223114013672 1  0
e 1501686361 351.927886962891 285.036071777344 1  0
n 1501686362 861.886474609375 503.414581298828 1  0
t 1501686363 597.862609863281 285.977478027344 3  0
