c 1501686370 527.754333496094 485.003723144531 1  0
o 1501686371 1034.41418457031 279.704833984375 1  0
m 1501686371 959.128723144531 472.586456298828 1  0
p 1501686373 1156.70629882812 279.700622558594 1  0
s 1501686373 265.340698242188 384.931304931641 3  0
a 1501686373 185.857727050781 389.923126220703 1  0
back 1501686374 1091.90905761719 487.783416748047 1  0
enter 1501686374 1147.93481445312 566.727111816406 0  0
back 1501686375 1137.19519042969 477.540740966797 2  0
z 1501686376 281.359344482422 475.320007324219 0  0
back 1501686377 1106.15808105469 493.133697509766 3  0
a 1501686378 211.507064819336 392.484771728516 1  0
n 1501686379 896.445129394531 500.576171875 2  0
i 1501686381 931.350952148438 287.336486816406 1  0
s 1501686382 311.895904541016 340.514617919922 1  0
back 1501686383 1118.19921875 492.144897460938 1  0
e 1501686383 342.095458984375 280.795379638672 1  0
s 1501686384 312.542388916016 398.006622314453 1  0
space 1501686384 688.541442871094 587.320068359375 1  0
a 1501686385 190.33268737793 386.090240478516 1  0
n 1501686386 860.989501953125 490.442138671875 1  0
n 1501686386 849.088806152344 507.725555419922 1  0
o 1501686387 1006.7890625 300.921936035156 1  0
u 1501686387 823.871520996094 308.537109375 4  0
n 1501686387 852.025573730469 484.651672363281 1  0
c 1501686388 493.634948730469 527.656921386719 1  0
c 1501686388 513.410827636719 531.864318847656 1  0
r 1501686388 453.384490966797 284.671722412109 3  0
back 1501686389 1100.1669921875 487.105224609375 1  0
back 1501686390 1110.77111816406 499.272827148438 3  0
d 1501686392 420.278076171875 348.759155273438 0  0
back 1501686392 1104.29602050781 486.76611328125 1  0
e 1501686393 344.62744140625 278.146667480469 1  0
e 1501686393 344.62744140625 278.146667480469 2  0
d 1501686393 376.456390380859 383.221038818359 0  0
back 1501686394 1107.15014648438 483.270416259766 2  0
back 1501686394 1108.62817382812 479.887176513672 2  0
space 1501686397 575.330993652344 618.449829101562 1  0
s 1501686397 281.426696777344 437.898712158203 2  0
a 1501686397 204.236312866211 404.680114746094 1  0
back 1501686398 1143.58728027344 505.494018554688 1  0
back 1501686398 1137.33056640625 484.053070068359 1  0
a 1501686399 200.71891784668 404.277893066406 1  0
space 1501686400 655.460266113281 603.691467285156 1  0
m 1501686401 979.8583984375 522.361450195312 1  0
r 1501686402 447.586059570312 304.468872070312 1  0
back 1501686403 1136.64233398438 484.109588623047 3  0
e 1501686404 380.750183105469 253.014205932617 1  0
r 1501686404 470.433074951172 287.965667724609 1  0
g 1501686405 628.76025390625 401.531494140625 2  0
e 1501686405 387.439422607422 322.297149658203 1  0
r 1501686406 481.136993408203 290.563781738281 1  0
