t 1501686263 574.254821777344 279.395690917969 2  0
h 1501686263 724.973999023438 403.458221435547 1  0
h 1501686263 744.29931640625 365.553375244141 1  0
e 1501686264 352.645721435547 281.666625976562 1  0
back 1501686265 1143.16357421875 516.152526855469 1  0
back 1501686265 1146.81188964844 509.342590332031 2  0
e 1501686265 361.891479492188 272.711944580078 1  0
space 1501686266 555.701965332031 577.709655761719 1  0
l 1501686266 1069.27734375 394.806091308594 3  0
l 1501686267 1031.60607910156 388.064422607422 3  0
i 1501686267 917.789489746094 294.190490722656 1  0
b 1501686267 760.723876953125 482.359710693359 2  0
back 1501686268 1075.59008789062 482.600860595703 2  0
back 1501686268 1058.49353027344 503.565093994141 3  0
back 1501686268 1093.21325683594 484.415100097656 2  0
i 1501686269 928.033874511719 291.607788085938 1  0
n 1501686270 834.68017578125 525.883361816406 1  0
z 1501686270 317.404357910156 454.087738037109 1  0
back 1501686271 1139.2470703125 509.963562011719 1  0
back 1501686271 1159.19128417969 508.326446533203 2  0
back 1501686271 1120.71533203125 521.2490234375 2  0
i 1501686273 897.829528808594 297.226684570312 2  0
b 1501686273 738.1044921875 497.275115966797 1  0
r 1501686274 444.861968994141 290.424652099609 1  0
a 1501686275 190.867767333984 386.219299316406 1  0
r 1501686275 487.275207519531 285.356658935547 1  0
y 1501686276 667.0693359375 280.091644287109 1  0
space 1501686276 641.05517578125 635.560852050781 1  0
i 1501686277 919.533630371094 289.875671386719 3  0
s 1501686278 312.670867919922 392.28515625 1  0
space 1501686278 667.799011230469 641.54345703125 1  0
c 1501686279 533.741821289062 501.013427734375 2  0
l 1501686280 1085.54809570312 380.342742919922 1  0
o 1501686281 1036.87817382812 305.038696289062 3  0
s 1501686281 308.643310546875 386.731140136719 1  0
d 1501686282 400.425811767578 429.829010009766 4  0
back 1501686283 1143.92712402344 503.066223144531 1  0
r 1501686283 446.437286376953 264.683624267578 3  0
back 1501686284 1142.04357910156 486.926727294922 1  0
e 1501686287 385.394714355469 290.284484863281 2  0
d 1501686290 455.930084228516 374.247894287109 2  0
d 1501686290 433.49951171875 376.096252441406 1  0
back 1501686291 1113.8671875 480.486968994141 1  0
space 1501686292 695.517639160156 603.820007324219 1  0
t 1501686292 604.433227539062 289.263702392578 1  0
o 1501686293 1030.10900878906 291.7041015625 1  0
d 1501686294 410.028961181641 403.294891357422 1  0
a 1501686294 190.514694213867 382.783630371094 1  0
y 1501686295 688.877197265625 274.287658691406 1  0
