h 1501685602 751.636291503906 404.544982910156 2  0
a 1501685603 235.660140991211 404.340454101562 2  0
v 1501685603 626.233459472656 493.412322998047 1  0
e 1501685604 380.616790771484 296.772064208984 2  0
space 1501685604 609.816955566406 597.192138671875 1  0
a 1501685605 217.058074951172 402.585632324219 1  0
space 1501685606 751.148620605469 592.431579589844 1  0
g 1501685606 640.83056640625 400.537719726562 1  0
o 1501685607 1038.40051269531 295.363128662109 1  0
o 1501685608 1018.06176757812 300.339721679688 1  0
d 1501685608 409.072509765625 393.341766357422 1  0
space 1501685609 614.384704589844 615.248229980469 1  0
w 1501685610 281.669921875 311.551177978516 1  0
e 1501685611 335.629730224609 303.7919921875 1  0
e 1501685611 381.712097167969 290.066131591797 1  0
k 1501685611 951.808959960938 391.350402832031 1  0
e 1501685612 365.262176513672 314.566253662109 1  0
n 1501685612 848.895874023438 501.221099853516 2  0
d 1501685613 447.666625976562 393.44970703125 1  0
