a 1501685758 198.108642578125 400.858978271484 1  0
space 1501685758 637.1865234375 584.698852539062 1  0
p 1501685759 1137.64099121094 290.480499267578 2  0
r 1501685760 488.782501220703 297.763885498047 1  0
o 1501685760 1010.57543945312 277.845947265625 1  0
b 1501685761 725.037353515625 498.348693847656 1  0
l 1501685762 1056.30322265625 379.467132568359 1  0
e 1501685762 393.671081542969 305.613067626953 2  0
m 1501685763 943.21533203125 490.212188720703 1  0
space 1501685763 642.186645507812 611.604431152344 1  0
w 1501685765 299.840728759766 306.745910644531 1  0
i 1501685766 917.111511230469 298.763885498047 1  0
t 1501685767 600.971130371094 305.028656005859 1  0
j 1501685767 812.080017089844 379.868225097656 3  0
back 1501685768 1093.18542480469 490.939056396484 1  0
h 1501685769 718.436889648438 394.148040771484 1  0
space 1501685773 626.939270019531 612.8544921875 1  0
t 1501685773 576.76123046875 307.025939941406 1  0
j 1501685774 824.112976074219 388.731323242188 3  0
e 1501685774 351.563079833984 299.170227050781 1  0
back 1501685775 1094.57397460938 467.987670898438 1  0
back 1501685775 1099.19287109375 474.136444091797 1  0
h 1501685776 755.0576171875 371.417327880859 1  0
e 1501685776 380.588104248047 300.081237792969 1  0
space 1501685777 676.067443847656 612.23828125 1  0
e 1501685778 387.961700439453 325.903167724609 3  0
e 1501685779 390.064880371094 322.428131103516 1  0
back 1501685780 1100.43969726562 483.821563720703 1  0
n 1501685780 829.296020507812 502.830993652344 1  0
h 1501685781 743.359802246094 405.226257324219 3  0
g 1501685782 670.434814453125 381.674591064453 1  0
back 1501685783 1119.16186523438 488.805816650391 1  0
back 1501685783 1119.16186523438 488.805816650391 1  0
g 1501685783 671.870666503906 397.982055664062 1  0
i 1501685784 925.595031738281 304.664489746094 1  0
n 1501685785 834.651916503906 486.079162597656 2  0
e 1501685786 359.225158691406 291.922515869141 2  0
