s 1501686202 311.667236328125 382.152709960938 1  0
t 1501686202 584.95263671875 280.079803466797 1  0
a 1501686203 193.638717651367 391.186737060547 1  0
b 1501686204 742.851257324219 526.224487304688 1  0
i 1501686204 903.898803710938 281.776702880859 1  0
l 1501686205 1074.69848632812 374.669677734375 1  0
i 1501686205 931.312622070312 297.766448974609 1  0
t 1501686205 626.66552734375 292.300720214844 1  0
y 1501686207 701.042175292969 265.794769287109 1  0
space 1501686207 643.383117675781 599.902770996094 1  0
o 1501686208 1013.29217529297 276.926330566406 1  0
f 1501686209 549.619750976562 394.737976074219 1  0
space 1501686210 631.927551269531 595.378845214844 1  0
t 1501686211 590.673156738281 287.441009521484 1  0
t 1501686211 611.15283203125 286.446929931641 1  0
back 1501686212 1131.61987304688 474.735961914062 2  0
h 1501686213 734.088928222656 386.290405273438 1  0
e 1501686215 373.186126708984 263.234954833984 1  0
e 1501686215 374.085540771484 258.101684570312 1  0
back 1501686216 1131.96105957031 491.014831542969 2  0
space 1501686217 698.818969726562 600.136291503906 1  0
n 1501686217 860.894165039062 487.186737060547 1  0
a 1501686218 204.201934814453 395.856719970703 1  0
t 1501686219 614.768127441406 287.888793945312 1  0
i 1501686219 927.951049804688 290.571868896484 1  0
o 1501686220 1028.08874511719 279.009521484375 1  0
n 1501686220 858.065673828125 490.682342529297 1  0
