y 1501685714 700.02783203125 290.248229980469 3  0
h 1501685714 760.380493164062 380.839752197266 1  0
back 1501685715 1097.5576171875 493.839935302734 2  0
back 1501685715 1108.83984375 489.653472900391 2  0
y 1501685716 697.666259765625 287.137847900391 3  0
back 1501685717 1110.73205566406 489.498077392578 1  0
back 1501685718 1109.18383789062 489.625213623047 1  0
y 1501685719 686.0185546875 281.486755371094 3  0
back 1501685720 1096.72607421875 487.387817382812 1  0
back 1501685720 1110.48974609375 486.257446289062 1  0
t 1501685726 580.952880859375 257.061981201172 1  0
h 1501685727 734.088928222656 386.290405273438 1  0
e 1501685728 344.645965576172 299.7412109375 3  0
space 1501685733 651.680419921875 590.34326171875 1  0
p 1501685733 1145.73767089844 296.411682128906 3  0
r 1501685734 498.162841796875 293.683654785156 1  0
i 1501685735 893.836181640625 297.38232421875 1  0
c 1501685735 552.033935546875 522.85986328125 1  0
e 1501685736 372.923492431641 307.325286865234 2  0
space 1501685736 658.366516113281 589.794921875 1  0
o 1501685737 1034.93957519531 295.648498535156 3  0
f 1501685737 535.406433105469 402.650939941406 1  0
space 1501685738 688.031555175781 618.760314941406 1  0
g 1501685739 643.699645996094 393.733520507812 1  0
a 1501685739 218.966415405273 399.140411376953 1  0
s 1501685740 310.775177001953 404.725799560547 1  0
space 1501685740 640.826477050781 580.982543945312 1  0
i 1501685744 904.54345703125 283.288696289062 1  0
s 1501685745 346.604766845703 405.060363769531 1  0
space 1501685745 644.308776855469 590.947875976562 1  0
h 1501685746 767.905578613281 383.505767822266 1  0
i 1501685747 925.315246582031 281.575164794922 1  0
g 1501685748 649.730773925781 383.379821777344 1  0
h 1501685748 769.661682128906 373.502136230469 1  0
