i 1501685528 908.54296875 296.16943359375 2  0
space 1501685530 724.405456542969 594.62451171875 2  0
a 1501685531 219.138854980469 399.126220703125 1  0
g 1501685532 633.922912597656 391.253601074219 2  0
r 1501685532 468.336700439453 302.756500244141 1  0
e 1501685533 369.057098388672 294.418914794922 2  0
e 1501685533 377.157867431641 297.057586669922 2  0
space 1501685534 630.868225097656 610.485290527344 1  0
w 1501685535 282.398864746094 304.879241943359 2  0
i 1501685536 913.733703613281 295.741333007812 2  0
t 1501685538 593.412231445312 302.348937988281 1  0
h 1501685539 739.135314941406 392.443878173828 2  0
space 1501685539 644.168823242188 597.106811523438 1  0
y 1501685540 712.804931640625 309.011535644531 1  0
o 1501685541 1034.861328125 292.354553222656 1  0
u 1501685542 809.733032226562 297.715484619141 2  0
