y 1501685639 687.450927734375 297.894165039062 3  0
h 1501685640 737.431335449219 382.729614257812 1  0
e 1501685640 338.347381591797 310.178741455078 1  0
space 1501685641 871.382995605469 626.907592773438 3  0
back 1501685641 1114.7587890625 492.427429199219 1  0
back 1501685641 1123.56579589844 485.183532714844 1  0
back 1501685641 1145.72351074219 489.884704589844 1  0
back 1501685642 1127.970703125 481.560394287109 3  0
back 1501685642 1130.44812011719 484.618316650391 1  0
y 1501685643 695.295776367188 293.943115234375 2  0
h 1501685643 737.138488769531 399.520172119141 1  0
e 1501685644 349.462341308594 302.650268554688 2  0
back 1501685644 1122.6025390625 488.523254394531 1  0
back 1501685645 1115.40930175781 482.592071533203 1  0
back 1501685647 1136.60046386719 506.924560546875 1  0
y 1501685648 688.614624023438 281.272491455078 2  0
back 1501685649 1126.28393554688 507.771453857422 1  0
y 1501685650 694.040222167969 277.517547607422 3  0
back 1501685651 1110.38806152344 489.526336669922 1  0
t 1501685656 573.284729003906 261.007781982422 1  0
t 1501685656 603.416564941406 258.519622802734 3  0
back 1501685657 1136.05834960938 480.896118164062 1  0
back 1501685657 1130.75927734375 474.806671142578 1  0
t 1501685658 584.665344238281 286.54443359375 1  0
h 1501685658 757.314086914062 387.662811279297 1  0
e 1501685659 373.699005126953 297.343078613281 1  0
space 1501685660 646.78857421875 583.911193847656 1  0
s 1501685663 319.760955810547 400.699066162109 2  0
u 1501685664 803.881225585938 304.801025390625 1  0
z 1501685664 347.772094726562 477.089660644531 2  0
back 1501685665 1120.81286621094 485.409637451172 1  0
m 1501685666 986.550598144531 499.696075439453 1  0
space 1501685666 709.163452148438 582.212097167969 1  0
o 1501685667 1032.31262207031 272.748596191406 3  0
f 1501685667 532.045776367188 396.358276367188 1  0
space 1501685668 775.33837890625 631.029907226562 0  0
space 1501685668 699.262756347656 579.606811523438 1  0
t 1501685669 613.993774414062 300.65087890625 1  0
h 1501685669 743.125305175781 382.260711669922 1  0
e 1501685669 352.306457519531 292.493682861328 1  0
space 1501685670 661.102355957031 612.782775878906 1  0
p 1501685670 1139.19885253906 290.352081298828 3  0
a 1501685671 247.441665649414 390.216064453125 1  0
t 1501685672 582.242980957031 286.744354248047 3  0
s 1501685673 341.187377929688 392.358764648438 1  0
back 1501685674 1120.12463378906 485.466156005859 1  0
back 1501685675 1120.12463378906 485.466156005859 3  0
r 1501685675 489.780578613281 300.986938476562 1  0
y 1501685676 689.47998046875 281.201080322266 3  0
s 1501685676 343.551788330078 398.739227294922 2  0
back 1501685677 1123.49670410156 481.927825927734 1  0
back 1501685678 1148.55395507812 476.607757568359 1  0
t 1501685681 601.968811035156 285.116363525391 1  0
s 1501685682 321.852294921875 397.239654541016 1  0
