a 1501685618 229.163970947266 391.722229003906 2  0
l 1501685619 1089.63610839844 393.130859375 3  0
l 1501685619 1091.90686035156 386.383026123047 1  0
space 1501685619 685.499206542969 584.153076171875 1  0
w 1501685620 284.473571777344 304.7080078125 2  0
o 1501685620 1038.40051269531 295.363128662109 1  0
r 1501685621 492.241668701172 297.478424072266 1  0
k 1501685621 962.50927734375 377.337341308594 1  0
space 1501685622 683.869995117188 624.385314941406 0  0
a 1501685623 199.82194519043 404.005706787109 1  0
n 1501685623 847.23046875 491.572479248047 2  0
d 1501685624 424.115875244141 405.246948242188 2  0
space 1501685625 671.674499511719 626.918518066406 1  0
n 1501685626 844.306701660156 491.812683105469 1  0
o 1501685626 1028.08203125 306.111022949219 1  0
space 1501685627 688.791809082031 623.470642089844 1  0
p 1501685628 1156.12121582031 295.555694580078 1  0
l 1501685628 1088.70922851562 366.947479248047 2  0
a 1501685629 225.491165161133 405.17822265625 2  0
y 1501685632 727.5244140625 281.716094970703 3  0
