t 1501686171 605.016784667969 287.997528076172 1  0
t 1501686171 576.015441894531 283.428985595703 1  0
back 1501686172 1122.98046875 481.970245361328 2  0
h 1501686173 753.305786132812 381.42236328125 1  0
e 1501686174 349.667358398438 269.014221191406 1  0
e 1501686174 349.608612060547 264.833587646484 1  0
back 1501686175 1140.77197265625 483.770446777344 3  0
space 1501686176 656.880737304688 608.011413574219 1  0
s 1501686177 306.372802734375 367.341094970703 1  0
s 1501686177 299.128509521484 364.470886230469 1  0
e 1501686177 379.220825195312 275.115631103516 1  0
back 1501686178 1122.0546875 511.374755859375 2  0
back 1501686178 1158.92944335938 495.318756103516 1  0
e 1501686179 377.423309326172 274.566955566406 1  0
e 1501686179 370.204986572266 275.685913085938 1  0
back 1501686180 1110.60668945312 515.56982421875 2  0
c 1501686180 537.739624023438 497.420166015625 1  0
o 1501686181 1030.89782714844 281.559539794922 1  0
n 1501686182 872.091430664062 492.792572021484 1  0
d 1501686183 439.786956787109 387.350677490234 1  0
space 1501686184 587.7978515625 603.778076171875 1  0
l 1501686184 1108.63830566406 368.591552734375 1  0
a 1501686185 178.106781005859 387.271057128906 1  0
r 1501686186 479.002624511719 286.387756347656 1  0
g 1501686187 634.957763671875 391.168395996094 1  0
e 1501686187 389.972808837891 296.173919677734 1  0
e 1501686187 382.629913330078 299.564666748047 1  0
s 1501686187 312.141296386719 388.693634033203 1  0
back 1501686188 1112.63110351562 505.635437011719 2  0
back 1501686188 1102.314453125 506.482391357422 1  0
s 1501686189 326.795776367188 380.386383056641 1  0
t 1501686190 589.229614257812 283.034606933594 1  0
space 1501686191 630.708190917969 612.545471191406 1  0
c 1501686192 526.866271972656 501.578460693359 1  0
o 1501686193 1032.22314453125 298.824920654297 1  0
u 1501686193 834.298889160156 297.774780273438 1  0
n 1501686194 849.192199707031 517.321166992188 3  0
t 1501686195 582.590148925781 284.801147460938 1  0
r 1501686195 483.814758300781 285.642303466797 1  0
y 1501686196 678.264221191406 290.478424072266 2  0
