r 1501685791 508.375518798828 306.061401367188 3  0
back 1501685792 1058.19140625 490.552551269531 1  0
t 1501685793 539.502075195312 303.4931640625 2  0
i 1501685794 906.995178222656 302.898406982422 2  0
i 1501685794 925.929626464844 291.433715820312 1  0
back 1501685795 1121.6396484375 491.862396240234 1  0
m 1501685795 982.767578125 500.006744384766 1  0
e 1501685796 381.942779541016 303.275482177734 1  0
space 1501685796 674.902465820312 620.518249511719 1  0
t 1501685797 537.382446289062 306.971618652344 3  0
o 1501685797 1016.51715087891 293.867218017578 1  0
space 1501685798 724.775329589844 604.833618164062 1  0
o 1501685799 1015.55926513672 297.246520996094 1  0
back 1501685800 1083.16101074219 481.97900390625 1  0
g 1501685800 635.893798828125 407.509399414062 1  0
o 1501685801 1041.86145019531 295.077758789062 3  0
space 1501685801 697.671081542969 602.790222167969 1  0
s 1501685802 317.797821044922 410.718322753906 1  0
h 1501685803 746.939208984375 398.367797851562 1  0
o 1501685803 1022.48071289062 296.675811767578 1  0
p 1501685804 1127.25598144531 291.336761474609 3  0
p 1501685804 1120.29663085938 282.008087158203 3  0
i 1501685805 920.834594726562 301.757202148438 1  0
n 1501685805 824.675415039062 486.898895263672 1  0
h 1501685806 739.609680175781 385.835784912109 3  0
h 1501685808 710.750122070312 381.640899658203 3  0
back 1501685808 1059.0849609375 506.774291992188 1  0
back 1501685810 1121.6396484375 491.862396240234 1  0
h 1501685811 727.06103515625 393.43798828125 3  0
enter 1501685812 1120.2568359375 579.920837402344 0  0
g 1501685813 624.741271972656 405.145355224609 2  0
back 1501685814 1113.59289550781 497.669158935547 1  0
back 1501685815 1146.14050292969 474.401885986328 1  0
g 1501685817 652.090270996094 386.471893310547 1  0
