t 1501686304 596.583435058594 291.129516601562 1  0
t 1501686304 613.931396484375 259.045959472656 1  0
n 1501686305 909.205810546875 463.623168945312 1  0
back 1501686305 1136.5068359375 477.597290039062 1  0
back 1501686306 1129.86352539062 481.404907226562 1  0
h 1501686306 750.382568359375 371.62939453125 1  0
i 1501686307 929.726989746094 277.906707763672 1  0
s 1501686308 293.934906005859 406.631774902344 1  0
space 1501686308 635.026916503906 602.9775390625 1  0
p 1501686309 1148.06909179688 261.633666992188 1  0
e 1501686311 371.394561767578 287.957458496094 1  0
r 1501686311 465.621459960938 288.711059570312 1  0
s 1501686312 304.65966796875 386.886199951172 1  0
o 1501686313 1038.9619140625 291.321563720703 1  0
n 1501686313 851.303039550781 501.023376464844 2  0
space 1501686314 731.849365234375 576.933837890625 1  0
i 1501686315 922.060363769531 288.798156738281 1  0
s 1501686315 301.655151367188 407.379364013672 1  0
space 1501686316 670.240417480469 599.066040039062 1  0
z 1501686316 281.079650878906 486.361633300781 0  0
back 1501686317 1092.89697265625 477.916809082031 1  0
a 1501686318 210.863403320312 379.373657226562 2  0
z 1501686318 281.570709228516 463.587127685547 0  0
back 1501686319 1114.47900390625 479.406616210938 2  0
space 1501686319 675.853820800781 588.360656738281 1  0
d 1501686320 433.897583007812 389.393371582031 1  0
i 1501686321 928.415649414062 261.482635498047 1  0
s 1501686322 308.767211914062 370.437042236328 2  0
s 1501686322 296.0673828125 372.177154541016 2  0
enter 1501686323 1156.52587890625 573.193176269531 0  0
back 1501686324 1131.13635253906 484.561798095703 1  0
back 1501686324 1120.81286621094 485.409637451172 1  0
s 1501686325 305.461822509766 379.199920654297 1  0
a 1501686326 192.904739379883 424.634124755859 1  0
s 1501686326 287.747131347656 379.447265625 1  0
t 1501686327 579.607971191406 271.116088867188 3  0
r 1501686327 494.002777099609 275.221984863281 1  0
e 1501686328 378.142272949219 282.000579833984 2  0
back 1501686329 1146.60314941406 501.817932128906 1  0
back 1501686329 1159.01745605469 487.077239990234 1  0
e 1501686330 387.988647460938 327.985656738281 1  0
r 1501686330 476.501220703125 274.576232910156 1  0
