p 1501686225 1129.68530273438 253.404754638672 3  0
p 1501686225 1139.77392578125 253.094543457031 1  0
back 1501686226 1135.54699707031 464.621337890625 1  0
l 1501686226 1111.51770019531 397.889007568359 3  0
e 1501686227 362.93994140625 287.088043212891 1  0
a 1501686228 211.284973144531 393.714935302734 1  0
x 1501686229 399.723114013672 480.046844482422 0  0
e 1501686229 331.686859130859 313.337280273438 1  0
d 1501686229 423.492431640625 384.192962646484 0  0
back 1501686230 1136.78332519531 474.311828613281 2  0
back 1501686230 1159.59326171875 485.485534667969 2  0
back 1501686231 1127.41967773438 488.127655029297 3  0
s 1501686231 322.050567626953 381.643432617188 1  0
d 1501686232 420.357452392578 420.417510986328 0  0
e 1501686232 364.833831787109 295.81201171875 1  0
back 1501686232 1111.82751464844 476.361785888672 2  0
back 1501686233 1139.39538574219 483.883483886719 1  0
e 1501686233 371.773315429688 266.665191650391 1  0
space 1501686234 595.76171875 615.410461425781 1  0
f 1501686234 536.853820800781 371.216613769531 1  0
o 1501686235 1032.60510253906 274.289703369141 1  0
l 1501686236 1070.03735351562 375.053375244141 1  0
l 1501686236 1079.92578125 384.087646484375 2  0
o 1501686236 1037.48962402344 306.203369140625 1  0
w 1501686238 257.319122314453 270.363891601562 1  0
space 1501686238 660.42041015625 601.236694335938 2  0
t 1501686240 572.146667480469 279.221435546875 1  0
h 1501686240 754.660034179688 391.165649414062 1  0
e 1501686243 385.955688476562 268.981201171875 1  0
space 1501686244 693.342224121094 586.926330566406 1  0
g 1501686245 649.182739257812 383.078979492188 1  0
u 1501686246 818.876037597656 286.182220458984 1  0
i 1501686246 900.358215332031 289.719055175781 1  0
d 1501686247 436.303161621094 410.984375 1  0
d 1501686247 414.928588867188 363.766235351562 1  0
d 1501686247 441.430267333984 357.074523925781 0  0
back 1501686248 1123.3271484375 514.525695800781 2  0
back 1501686248 1115.03845214844 505.437835693359 3  0
d 1501686249 441.721862792969 393.074401855469 0  0
back 1501686250 1111.458984375 499.216339111328 2  0
e 1501686251 377.605621337891 287.270568847656 1  0
e 1501686251 371.555908203125 275.225738525391 1  0
back 1501686252 1144.61499023438 503.009735107422 1  0
l 1501686252 1079.13671875 387.433959960938 1  0
i 1501686253 932.448669433594 259.582672119141 1  0
n 1501686254 847.864318847656 501.305816650391 1  0
e 1501686255 398.520538330078 316.168548583984 1  0
s 1501686257 306.900085449219 402.450500488281 1  0
