t 1501685548 592.574768066406 289.198303222656 1  0
h 1501685549 754.660034179688 391.165649414062 1  0
h 1501685549 756.597229003906 397.572723388672 1  0
e 1501685549 380.616790771484 296.772064208984 1  0
back 1501685550 1120.12463378906 485.466156005859 1  0
back 1501685550 1142.83679199219 483.600860595703 3  0
e 1501685551 375.975494384766 293.847839355469 2  0
space 1501685552 628.435424804688 612.220092773438 1  0
p 1501685553 1132.62158203125 290.894348144531 3  0
o 1501685555 1018.43371582031 287.106597900391 1  0
w 1501685555 277.948333740234 328.376037597656 3  0
w 1501685555 276.402191162109 295.451599121094 1  0
back 1501685556 1126.59375 497.973693847656 3  0
e 1501685557 352.920623779297 302.364837646484 1  0
r 1501685558 491.323455810547 287.634033203125 1  0
space 1501685558 659.69677734375 593.101440429688 1  0
o 1501685559 1017.56829833984 287.177978515625 2  0
f 1501685560 543.38232421875 398.709686279297 1  0
space 1501685561 681.37841796875 590.298706054688 1  0
d 1501685562 410.170318603516 386.675323486328 2  0
e 1501685563 375.026336669922 303.846313476562 3  0
b 1501685564 748.011779785156 499.723724365234 1  0
back 1501685566 1119.71423339844 498.538543701172 2  0
n 1501685566 845.232055664062 511.301422119141 2  0
i 1501685567 923.083557128906 301.571746826172 1  0
a 1501685567 233.129867553711 391.395416259766 3  0
l 1501685568 1070.68103027344 388.129821777344 1  0
