space 1501686102 481.115020751953 578.357788085938 2  0
space 1501686102 436.540710449219 567.644409179688 1  0
back 1501686103 1140.89904785156 506.571716308594 1  0
back 1501686104 1145.96240234375 493.124633789062 3  0
back 1501686104 1130.99462890625 510.640960693359 1  0
w 1501686108 286.682647705078 281.363220214844 3  0
i 1501686114 922.468566894531 291.719177246094 2  0
i 1501686114 927.481750488281 284.700164794922 1  0
back 1501686118 1125.59594726562 475.230804443359 1  0
t 1501686119 594.144287109375 275.664154052734 2  0
h 1501686120 740.989990234375 385.722137451172 1  0
space 1501686120 644.923095703125 613.25634765625 1  0
e 1501686121 370.736785888672 299.154052734375 1  0
e 1501686121 369.771606445312 298.189392089844 2  0
back 1501686122 1125.080078125 491.579895019531 1  0
a 1501686123 221.794952392578 387.654083251953 1  0
c 1501686123 550.370239257812 502.910919189453 1  0
h 1501686124 735.428344726562 405.879089355469 1  0
space 1501686125 646.159912109375 629.009521484375 1  0
s 1501686126 326.600006103516 383.692993164062 1  0
t 1501686126 584.134155273438 280.669677734375 2  0
e 1501686127 375.574554443359 284.303070068359 2  0
p 1501686127 1158.86560058594 285.430236816406 1  0
space 1501686128 716.602233886719 564.507690429688 1  0
f 1501686129 525.794738769531 400.158020019531 1  0
o 1501686129 1049.71264648438 297.556518554688 1  0
r 1501686130 482.947723388672 291.284637451172 1  0
w 1501686130 270.230041503906 273.831634521484 1  0
a 1501686131 202.031112670898 396.728057861328 1  0
r 1501686132 479.023803710938 288.475250244141 1  0
r 1501686132 465.153259277344 300.409851074219 1  0
back 1501686133 1119.57214355469 475.725616455078 2  0
back 1501686133 1151.51940917969 469.837860107422 3  0
r 1501686134 508.618621826172 282.375885009766 1  0
d 1501686135 421.218078613281 402.200469970703 1  0
