a 1501686446 208.920440673828 363.757690429688 0  0
back 1501686447 1111.17797851562 486.200927734375 2  0
enter 1501686447 1172.47680664062 562.324035644531 4  0
q 1501686447 154.408828735352 292.809234619141 1  0
back 1501686448 1153.48217773438 501.253204345703 1  0
back 1501686448 1126.9990234375 503.427368164062 1  0
back 1501686449 1119.94091796875 510.86279296875 1  0
q 1501686450 117.111854553223 266.419311523438 1  0
u 1501686450 766.436401367188 286.334381103516 1  0
e 1501686451 373.185363769531 327.990783691406 1  0
s 1501686451 337.17529296875 365.668670654297 1  0
t 1501686452 590.844604492188 289.341094970703 1  0
i 1501686452 873.619750976562 278.012969970703 1  0
o 1501686453 990.536010742188 268.888641357422 1  0
n 1501686453 840.867065429688 492.095275878906 2  0
space 1501686453 791.795593261719 611.619323730469 1  0
t 1501686454 597.312438964844 285.674774169922 3  0
h 1501686455 702.112609863281 392.208068847656 3  0
a 1501686455 199.891967773438 396.211883544922 1  0
t 1501686456 583.515502929688 289.249847412109 1  0
space 1501686456 616.244262695312 591.88330078125 1  0
m 1501686457 960.245544433594 482.287811279297 1  0
u 1501686457 818.888366699219 294.700805664062 3  0
s 1501686457 330.403198242188 432.831085205078 1  0
t 1501686459 591.686401367188 242.569458007812 3  0
space 1501686459 695.807678222656 609.084838867188 1  0
b 1501686459 723.674560546875 524.541809082031 1  0
e 1501686461 381.028350830078 257.702697753906 1  0
space 1501686461 649.772094726562 657.825012207031 1  0
a 1501686463 182.479949951172 390.894134521484 1  0
n 1501686465 861.619323730469 500.176025390625 1  0
s 1501686465 358.014862060547 379.545623779297 2  0
e 1501686466 351.195068359375 273.943969726562 3  0
e 1501686466 367.158874511719 287.436340332031 1  0
back 1501686467 1127.93579101562 488.085296630859 1  0
back 1501686468 1104.29602050781 486.76611328125 3  0
e 1501686468 321.338806152344 268.389526367188 3  0
r 1501686469 449.659698486328 285.849914550781 3  0
back 1501686469 1137.87158203125 510.076446533203 1  0
back 1501686470 1119.95556640625 501.776824951172 2  0
s 1501686471 348.005676269531 367.895965576172 0  0
back 1501686472 1144.92370605469 525.940124511719 1  0
w 1501686473 252.7578125 287.475555419922 1  0
e 1501686474 384.008392333984 281.341949462891 2  0
r 1501686474 490.235931396484 279.713745117188 1  0
r 1501686474 483.313903808594 280.285217285156 2  0
e 1501686474 384.506561279297 277.467620849609 1  0
enter 1501686475 1130.33874511719 594.78564453125 3  0
back 1501686475 1153.84924316406 482.696441650391 2  0
back 1501686476 1153.71716308594 476.183654785156 1  0
e 1501686476 376.578552246094 289.270965576172 1  0
d 1501686477 415.300262451172 407.528747558594 1  0
