w 1501610332 264.831207275391 304.665100097656 1  0
i 1501610332 903.621215820312 286.114013671875 1  0
t 1501610332 591.102233886719 276.783843994141 1  0
h 1501610333 737.146301269531 384.245422363281 1  0
space 1501610333 659.359313964844 597.828063964844 1  0
e 1501610334 375.273345947266 283.085815429688 1  0
a 1501610334 214.460662841797 351.747344970703 1  0
c 1501610334 510.780700683594 495.457702636719 1  0
h 1501610335 764.206359863281 399.237762451172 1  0
s 1501610336 302.204620361328 386.3251953125 1  0
t 1501610336 594.875854492188 283.587219238281 1  0
back 1501610337 1120.30993652344 509.856018066406 1  0
back 1501610337 1119.48083496094 503.442596435547 1  0
space 1501610338 686.0380859375 594.803771972656 1  0
s 1501610338 294.464233398438 383.856475830078 1  0
t 1501610339 603.420288085938 289.128112792969 1  0
e 1501610339 395.435882568359 273.264862060547 1  0
p 1501610339 1146.13549804688 287.142852783203 1  0
space 1501610340 695.937744140625 626.049682617188 1  0
f 1501610341 518.380920410156 393.403564453125 1  0
o 1501610341 1028.37048339844 285.389892578125 1  0
r 1501610341 499.981567382812 284.800445556641 1  0
w 1501610342 280.335784912109 300.961669921875 1  0
a 1501610343 188.293167114258 395.674468994141 2  0
r 1501610343 474.041259765625 278.430511474609 1  0
d 1501610344 416.920288085938 391.562957763672 1  0
