i 1501610107 916.05126953125 271.571655273438 1  0
space 1501610108 708.419555664062 607.403259277344 2  0
space 1501610108 638.787170410156 616.470458984375 1  0
a 1501610108 201.243957519531 393.059967041016 2  0
g 1501610109 649.697082519531 387.111389160156 1  0
r 1501610110 465.989776611328 290.892822265625 1  0
e 1501610111 366.249786376953 274.972290039062 1  0
e 1501610111 365.904418945312 271.526275634766 1  0
space 1501610112 611.830017089844 605.097961425781 1  0
space 1501610112 621.39990234375 607.711364746094 1  0
w 1501610113 273.879302978516 314.495361328125 1  0
i 1501610114 882.797790527344 289.731018066406 2  0
t 1501610115 577.373779296875 286.934753417969 1  0
h 1501610115 752.013549804688 363.208892822266 1  0
h 1501610115 756.13330078125 362.526000976562 1  0
space 1501610116 531.780151367188 626.039367675781 1  0
back 1501610117 1109.19226074219 514.003112792969 1  0
back 1501610118 1126.78198242188 506.087310791016 1  0
space 1501610118 508.629852294922 633.010070800781 1  0
y 1501610119 713.64892578125 299.649017333984 1  0
o 1501610121 1020.09704589844 282.258972167969 1  0
u 1501610121 795.356018066406 275.599090576172 1  0
