t 1501610350 596.124206542969 304.632446289062 1  0
h 1501610351 761.767761230469 377.231475830078 2  0
space 1501610352 572.643371582031 603.541137695312 1  0
back 1501610352 1135.59594726562 515.086242675781 1  0
e 1501610353 327.950225830078 276.387786865234 1  0
space 1501610353 671.327270507812 628.732238769531 1  0
s 1501610354 323.547637939453 404.390594482422 1  0
e 1501610354 380.63037109375 278.998901367188 1  0
c 1501610355 520.398742675781 534.298034667969 1  0
o 1501610355 1013.53631591797 287.647827148438 2  0
n 1501610356 849.062744140625 506.078247070312 1  0
d 1501610356 416.142578125 383.69873046875 1  0
space 1501610357 659.439758300781 645.952697753906 1  0
l 1501610359 1101.03930664062 387.802551269531 1  0
a 1501610359 208.071640014648 401.634613037109 2  0
r 1501610360 507.237640380859 298.597869873047 1  0
g 1501610360 643.054138183594 388.689514160156 1  0
g 1501610360 630.743469238281 392.970489501953 1  0
e 1501610360 400.624053955078 269.189453125 1  0
m 1501610361 968.426574707031 454.086334228516 1  0
back 1501610361 1103.54064941406 507.985198974609 2  0
back 1501610361 1118.173828125 506.790252685547 1  0
back 1501610362 1113.86987304688 507.141693115234 2  0
back 1501610362 1128.50366210938 505.946716308594 1  0
e 1501610362 401.732391357422 269.793243408203 1  0
s 1501610363 344.235687255859 402.521362304688 1  0
t 1501610363 598.35498046875 279.657836914062 1  0
space 1501610363 708.458190917969 615.539428710938 1  0
back 1501610364 1111.28747558594 507.352569580078 1  0
back 1501610364 1126.84875488281 493.113922119141 1  0
back 1501610365 1109.29309082031 510.755584716797 1  0
back 1501610365 1117.31298828125 506.860534667969 1  0
g 1501610366 626.032836914062 402.306427001953 1  0
e 1501610366 385.722625732422 281.0107421875 1  0
s 1501610367 343.230804443359 392.611846923828 1  0
t 1501610368 600.829528808594 279.974792480469 1  0
c 1501610368 518.955444335938 497.525451660156 1  0
o 1501610369 1046.45703125 298.099334716797 1  0
back 1501610369 1116.17846679688 510.193359375 1  0
back 1501610370 1139.31872558594 495.338348388672 1  0
space 1501610370 711.187805175781 640.215576171875 1  0
c 1501610371 541.230651855469 502.029632568359 1  0
o 1501610371 1020.07623291016 293.170471191406 1  0
u 1501610373 801.320434570312 300.410064697266 1  0
n 1501610374 847.012145996094 490.018920898438 1  0
t 1501610375 614.065124511719 271.944000244141 1  0
r 1501610375 494.238220214844 283.190673828125 2  0
y 1501610376 693.111999511719 280.711578369141 1  0
