t 1501610561 589.61669921875 287.141815185547 1  0
h 1501610561 754.341735839844 397.810028076172 1  0
h 1501610562 746.567138671875 380.545074462891 1  0
i 1501610562 935.029846191406 285.958129882812 1  0
s 1501610563 323.136535644531 407.179412841797 1  0
back 1501610563 1122.98950195312 490.185363769531 1  0
back 1501610563 1116.38171386719 503.695709228516 1  0
back 1501610564 1134.0830078125 492.52294921875 2  0
i 1501610565 913.851867675781 285.273162841797 2  0
s 1501610565 312.233032226562 407.729400634766 1  0
h 1501610565 796.819763183594 422.517578125 2  0
n 1501610566 811.644653320312 479.916595458984 1  0
n 1501610566 815.188049316406 531.361572265625 1  0
back 1501610566 1115.6044921875 468.062591552734 1  0
back 1501610567 1143.28747558594 453.138916015625 2  0
back 1501610567 1141.697265625 452.755493164062 2  0
space 1501610568 524.501220703125 596.940307617188 0  0
space 1501610568 518.319091796875 599.142883300781 0  0
p 1501610568 1089.33569335938 265.302978515625 2  0
p 1501610568 1089.33569335938 265.302978515625 3  0
o 1501610569 1018.08721923828 312.36328125 2  0
o 1501610569 1018.08721923828 312.36328125 3  0
back 1501610570 1120.38024902344 471.604827880859 2  0
back 1501610570 1128.82653808594 470.914459228516 2  0
back 1501610571 1124.86938476562 464.397766113281 2  0
r 1501610572 481.724639892578 276.583099365234 1  0
back 1501610572 1132.24633789062 491.136474609375 2  0
e 1501610572 360.096130371094 283.293182373047 3  0
r 1501610573 490.976989746094 272.869934082031 1  0
k 1501610574 1010.75201416016 385.396911621094 2  0
k 1501610574 1018.21246337891 365.160461425781 2  0
o 1501610574 1026.61010742188 287.439483642578 2  0
o 1501610574 1035.84167480469 275.940277099609 2  0
back 1501610575 1138.25842285156 518.277404785156 1  0
back 1501610575 1119.62133789062 509.912231445312 1  0
back 1501610576 1105.16174316406 511.092895507812 2  0
back 1501610576 1124.19958496094 506.298187255859 3  0
s 1501610576 302.492950439453 402.67333984375 1  0
o 1501610577 1020.01275634766 299.060180664062 2  0
n 1501610580 871.240051269531 497.777221679688 1  0
space 1501610581 527.8486328125 633.646423339844 0  0
space 1501610581 550.190063476562 638.09326171875 0  0
i 1501610582 922.277526855469 272.967346191406 1  0
s 1501610582 301.385192871094 363.095886230469 1  0
space 1501610583 712.37646484375 597.5791015625 1  0
a 1501610583 228.051940917969 396.3759765625 1  0
space 1501610585 513.105285644531 580.876098632812 0  0
space 1501610585 534.585510253906 595.778015136719 0  0
space 1501610586 697.566284179688 598.107604980469 1  0
d 1501610587 399.17724609375 402.147491455078 1  0
i 1501610588 933.707885742188 293.341094970703 1  0
s 1501610588 329.90234375 389.913787841797 1  0
a 1501610589 205.2158203125 376.345703125 1  0
s 1501610589 319.615020751953 391.447357177734 1  0
t 1501610590 597.81298828125 290.802886962891 1  0
e 1501610590 369.154174804688 290.011138916016 1  0
r 1501610591 491.382385253906 278.913208007812 1  0
