t 1501610130 589.838256835938 315.884704589844 1  0
h 1501610130 740.40673828125 373.814544677734 1  0
e 1501610131 388.110412597656 283.939056396484 1  0
space 1501610131 663.475219726562 597.492431640625 1  0
p 1501610132 1147.10021972656 271.822509765625 1  0
p 1501610132 1124.75708007812 281.280639648438 1  0
o 1501610133 1037.60327148438 278.394775390625 2  0
back 1501610134 1105.23364257812 514.326293945312 1  0
back 1501610134 1125.951171875 483.453704833984 1  0
o 1501610135 1049.93505859375 275.301879882812 1  0
w 1501610135 261.326568603516 307.901123046875 1  0
e 1501610136 378.711791992188 294.776580810547 1  0
r 1501610136 466.965057373047 275.714141845703 1  0
space 1501610137 520.933166503906 606.569641113281 1  0
o 1501610138 1053.08459472656 275.3896484375 1  0
f 1501610139 545.35546875 387.918273925781 1  0
space 1501610139 573.919799804688 593.249145507812 1  0
d 1501610140 421.057373046875 401.730438232422 1  0
e 1501610140 389.064300537109 282.992614746094 1  0
n 1501610143 841.775512695312 493.693725585938 1  0
i 1501610144 908.765930175781 278.585754394531 1  0
a 1501610144 219.700164794922 378.262969970703 1  0
l 1501610145 1091.45495605469 394.432769775391 1  0
