t 1501610227 591.784118652344 295.459167480469 1  0
h 1501610227 751.290405273438 366.889099121094 1  0
e 1501610228 324.816741943359 262.74267578125 1  0
space 1501610228 521.218078613281 616.726867675781 1  0
s 1501610229 319.714385986328 373.675354003906 1  0
u 1501610230 799.927368164062 277.998016357422 1  0
m 1501610232 961.899780273438 506.588317871094 2  0
space 1501610233 665.8916015625 597.465148925781 1  0
o 1501610235 1014.20135498047 284.995300292969 1  0
f 1501610235 534.669555664062 385.349060058594 1  0
space 1501610235 541.658996582031 593.842224121094 1  0
h 1501610237 739.880676269531 391.596282958984 1  0
back 1501610238 1106.73986816406 504.483123779297 1  0
t 1501610238 614.495544433594 288.043884277344 1  0
h 1501610239 749.16845703125 374.474395751953 1  0
e 1501610239 383.742553710938 268.146545410156 2  0
space 1501610240 547.493286132812 618.824829101562 1  0
p 1501610241 1127.22216796875 290.946472167969 1  0
a 1501610242 206.031524658203 387.321197509766 1  0
r 1501610242 501.875213623047 304.584686279297 1  0
t 1501610244 598.151489257812 281.236022949219 1  0
s 1501610246 307.630249023438 378.118347167969 1  0
