t 1501610436 601.347473144531 319.611724853516 1  0
h 1501610437 747.657409667969 404.893676757812 1  0
e 1501610437 363.594879150391 286.824188232422 1  0
space 1501610438 742.002990722656 625.854064941406 1  0
l 1501610439 1095.64794921875 371.727783203125 1  0
i 1501610439 908.850463867188 279.618896484375 1  0
b 1501610440 727.724731445312 490.027984619141 1  0
r 1501610441 478.95947265625 291.386962890625 1  0
a 1501610442 221.717239379883 366.01220703125 1  0
a 1501610442 229.065460205078 362.990356445312 1  0
back 1501610443 1109.96948242188 494.492736816406 1  0
r 1501610444 473.254974365234 297.4052734375 1  0
y 1501610444 705.602661132812 299.444305419922 1  0
space 1501610446 714.84716796875 600.093017578125 1  0
k 1501610447 922.583129882812 373.001281738281 1  0
i 1501610448 918.978942871094 309.607696533203 1  0
back 1501610449 1138.39880371094 466.712280273438 1  0
back 1501610449 1111.49694824219 482.584808349609 1  0
back 1501610449 1092.63061523438 467.033355712891 1  0
i 1501610450 962.285278320312 257.881164550781 1  0
back 1501610452 1170.29541015625 464.104888916016 2  0
space 1501610452 761.119323730469 646.977416992188 0  0
i 1501610453 932.383239746094 276.991058349609 1  0
s 1501610454 274.214508056641 398.447143554688 1  0
space 1501610454 709.78515625 630.341552734375 0  0
c 1501610455 513.259582519531 501.410949707031 1  0
l 1501610456 1070.77062988281 396.814605712891 2  0
o 1501610456 1038.42858886719 302.56494140625 2  0
s 1501610457 331.374664306641 438.493804931641 1  0
e 1501610457 365.262451171875 324.302429199219 1  0
d 1501610461 386.734527587891 371.62451171875 1  0
d 1501610462 394.490325927734 358.558410644531 1  0
back 1501610462 1127.50537109375 494.937896728516 2  0
space 1501610465 717.68359375 653.050109863281 0  0
space 1501610465 740.200134277344 621.088012695312 0  0
k 1501610465 950.3828125 426.250030517578 2  0
n 1501610466 839.3740234375 528.704711914062 0  0
back 1501610466 1148.62438964844 482.967620849609 2  0
back 1501610467 1160.26342773438 478.599884033203 2  0
t 1501610467 541.815307617188 254.264450073242 1  0
t 1501610467 608.195617675781 261.312866210938 1  0
back 1501610468 1161.87646484375 488.715942382812 2  0
o 1501610469 1050.65759277344 298.273498535156 2  0
d 1501610469 408.547180175781 401.895599365234 1  0
a 1501610470 217.602035522461 376.536743164062 3  0
y 1501610471 737.317626953125 274.994506835938 1  0
