c 1501610154 516.322631835938 513.464599609375 1  0
a 1501610155 202.407073974609 384.341430664062 1  0
l 1501610156 1095.66149902344 365.011627197266 2  0
l 1501610156 1094.173828125 363.755767822266 1  0
space 1501610157 493.951477050781 624.036987304688 1  0
f 1501610158 525.6015625 407.099090576172 1  0
o 1501610159 989.093383789062 302.983978271484 1  0
o 1501610159 996.345886230469 302.042236328125 1  0
r 1501610159 468.458465576172 283.92333984375 1  0
back 1501610160 1128.39892578125 492.987274169922 1  0
back 1501610160 1108.79321289062 488.100708007812 1  0
r 1501610161 485.771087646484 282.325469970703 1  0
space 1501610161 523.041625976562 612.337219238281 1  0
space 1501610161 527.709228515625 619.589660644531 1  0
space 1501610162 628.819091796875 602.015686035156 1  0
m 1501610163 963.268127441406 487.010040283203 2  0
o 1501610164 1047.81115722656 313.380187988281 2  0
r 1501610164 454.296051025391 312.48095703125 2  0
e 1501610165 382.735137939453 270.314514160156 1  0
space 1501610166 749.275085449219 600.680053710938 2  0
d 1501610167 432.901580810547 405.407165527344 1  0
e 1501610167 398.779510498047 285.838226318359 1  0
e 1501610168 388.919403076172 288.558502197266 1  0
t 1501610168 580.519714355469 283.206848144531 1  0
back 1501610170 1119.505859375 480.734405517578 2  0
back 1501610172 1139.31872558594 495.338348388672 1  0
t 1501610172 600.339782714844 278.453399658203 1  0
a 1501610173 216.862915039062 414.002838134766 1  0
i 1501610174 928.677062988281 300.159790039062 1  0
l 1501610175 1106.90454101562 403.305023193359 1  0
s 1501610176 323.146484375 400.462219238281 1  0
