h 1501610182 756.303649902344 380.435607910156 1  0
a 1501610183 225.182998657227 395.577270507812 1  0
v 1501610183 649.660095214844 480.16259765625 1  0
e 1501610184 364.511260986328 292.475250244141 1  0
space 1501610184 604.322998046875 613.513916015625 1  0
a 1501610185 223.220397949219 385.220275878906 1  0
space 1501610186 558.184631347656 620.496765136719 1  0
g 1501610186 658.196533203125 382.969482421875 1  0
o 1501610187 1033.84155273438 299.654663085938 1  0
o 1501610187 1030.50610351562 290.409332275391 1  0
d 1501610188 411.424102783203 413.363708496094 1  0
d 1501610188 408.49462890625 411.883331298828 1  0
space 1501610188 644.227111816406 634.327270507812 1  0
back 1501610189 1094.44860839844 479.53564453125 1  0
back 1501610189 1126.22619628906 480.185241699219 1  0
space 1501610190 663.088745117188 617.880615234375 1  0
w 1501610191 278.600769042969 319.651306152344 1  0
e 1501610191 370.953430175781 294.027130126953 1  0
k 1501610192 963.962829589844 391.983123779297 1  0
back 1501610193 1111.28747558594 507.352569580078 2  0
e 1501610194 382.602081298828 283.003601074219 2  0
k 1501610194 968.864379882812 390.20556640625 1  0
e 1501610195 373.713958740234 283.214141845703 1  0
n 1501610195 863.813049316406 491.892395019531 1  0
d 1501610197 450.843475341797 389.641357421875 1  0
