q 1501610720 175.677597045898 285.622253417969 1  0
u 1501610721 799.696594238281 269.170288085938 1  0
e 1501610721 388.864044189453 291.512664794922 1  0
t 1501610722 590.872192382812 296.920715332031 1  0
i 1501610723 909.526489257812 287.880859375 1  0
o 1501610723 1023.12072753906 300.881164550781 1  0
o 1501610723 1033.84155273438 299.654663085938 1  0
back 1501610725 1102.36352539062 501.59912109375 2  0
n 1501610725 827.724670410156 507.82177734375 1  0
back 1501610726 1110.4267578125 507.422882080078 1  0
back 1501610727 1129.26147460938 509.125091552734 2  0
back 1501610727 1110.59631347656 518.831420898438 1  0
back 1501610727 1125.26550292969 499.728637695312 1  0
s 1501610728 335.583862304688 392.722229003906 1  0
t 1501610728 580.498657226562 290.492828369141 1  0
i 1501610729 903.0224609375 289.454681396484 2  0
o 1501610729 1002.49554443359 315.890716552734 1  0
n 1501610730 841.490905761719 506.696929931641 1  0
space 1501610731 722.891296386719 622.498229980469 1  0
t 1501610732 607.894226074219 288.413391113281 1  0
h 1501610732 766.285888671875 391.152648925781 1  0
a 1501610733 246.878768920898 366.708862304688 1  0
t 1501610733 607.921997070312 281.126373291016 1  0
space 1501610734 738.798583984375 597.461486816406 1  0
m 1501610734 979.456481933594 505.154144287109 1  0
u 1501610735 797.412902832031 295.535827636719 1  0
s 1501610735 330.716094970703 392.777069091797 1  0
t 1501610736 559.367980957031 296.044586181641 1  0
space 1501610736 705.312438964844 615.117736816406 1  0
b 1501610736 733.316528320312 492.47705078125 1  0
e 1501610737 399.820373535156 296.335693359375 1  0
a 1501610738 223.277145385742 417.091644287109 2  0
back 1501610739 1116.39013671875 519.89208984375 1  0
space 1501610740 727.756469726562 603.4521484375 1  0
space 1501610740 719.394897460938 620.071960449219 1  0
a 1501610741 200.026947021484 404.534484863281 1  0
a 1501610741 230.927612304688 390.623596191406 1  0
back 1501610742 1098.91979980469 501.88037109375 1  0
back 1501610742 1078.97009277344 497.025024414062 1  0
a 1501610743 210.393035888672 410.4013671875 1  0
n 1501610744 889.487976074219 496.285919189453 1  0
s 1501610745 338.731384277344 403.145050048828 1  0
w 1501610746 284.779937744141 298.341003417969 1  0
e 1501610746 393.518096923828 282.105346679688 1  0
r 1501610746 501.962280273438 283.596435546875 1  0
e 1501610748 389.69091796875 280.510498046875 1  0
d 1501610749 425.35791015625 378.286987304688 1  0
