p 1501610409 1119.92529296875 291.372802734375 1  0
p 1501610409 1141.14807128906 290.494995117188 1  0
l 1501610409 1088.68994140625 394.659271240234 1  0
back 1501610410 1114.55615234375 527.707824707031 2  0
back 1501610410 1127.74572753906 502.767639160156 2  0
l 1501610410 1119.15808105469 392.851104736328 1  0
e 1501610411 374.198211669922 284.563110351562 1  0
a 1501610411 222.828811645508 386.459716796875 1  0
s 1501610412 313.360900878906 400.059234619141 1  0
e 1501610412 355.106353759766 292.728546142578 1  0
space 1501610415 835.618225097656 600.428100585938 2  0
f 1501610416 541.89013671875 395.436126708984 1  0
o 1501610416 1033.880859375 288.920074462891 1  0
l 1501610416 1084.98852539062 382.582183837891 2  0
l 1501610417 1084.02575683594 385.929077148438 2  0
o 1501610417 1039.08203125 301.992340087891 1  0
w 1501610418 251.882339477539 270.834442138672 1  0
space 1501610419 710.119812011719 622.522216796875 0  0
space 1501610419 725.256591796875 614.170471191406 1  0
t 1501610422 592.156616210938 305.131774902344 1  0
h 1501610423 761.032104492188 386.763671875 1  0
e 1501610423 347.079467773438 265.081970214844 1  0
space 1501610423 674.328002929688 604.753723144531 1  0
g 1501610424 656.819152832031 392.726104736328 1  0
u 1501610424 807.554992675781 275.289672851562 1  0
i 1501610424 934.838012695312 272.801727294922 1  0
d 1501610425 424.231201171875 402.158752441406 1  0
e 1501610425 365.675018310547 283.181335449219 1  0
l 1501610426 1117.36706542969 406.054931640625 1  0
i 1501610427 932.056030273438 290.186492919922 1  0
n 1501610427 848.849731445312 476.874145507812 1  0
n 1501610427 832.408996582031 497.705352783203 1  0
n 1501610428 841.876525878906 496.931549072266 1  0
e 1501610428 395.670440673828 279.150268554688 1  0
back 1501610429 1126.84875488281 493.113922119141 1  0
back 1501610429 1113.86987304688 507.141693115234 1  0
back 1501610429 1113.7890625 487.692535400391 1  0
back 1501610429 1112.69494628906 500.755310058594 1  0
n 1501610430 832.134826660156 494.481719970703 1  0
e 1501610430 386.790588378906 270.675689697266 1  0
s 1501610431 318.806091308594 407.362396240234 1  0
