t 1501610684 585.3935546875 286.795471191406 1  0
i 1501610684 958.584899902344 272.756744384766 1  0
c 1501610685 514.036010742188 504.082580566406 1  0
k 1501610685 984.337768554688 396.675811767578 1  0
e 1501610686 390.744445800781 312.162628173828 1  0
t 1501610686 603.993896484375 299.134552001953 1  0
s 1501610687 311.484069824219 368.137420654297 3  0
space 1501610687 732.711303710938 620.342590332031 0  0
a 1501610689 173.075912475586 380.365509033203 3  0
e 1501610689 410.131958007812 273.44482421875 1  0
e 1501610690 376.505859375 279.685668945312 2  0
n 1501610690 828.942932128906 530.238342285156 1  0
back 1501610691 1129.13732910156 498.217895507812 2  0
back 1501610691 1135.15502929688 504.550750732422 2  0
back 1501610691 1155.88146972656 513.089233398438 2  0
e 1501610692 388.934722900391 244.763153076172 2  0
e 1501610692 388.389526367188 313.049285888672 1  0
back 1501610692 1151.49890136719 510.037506103516 2  0
back 1501610693 1142.27758789062 504.821929931641 1  0
r 1501610694 484.781036376953 282.927551269531 1  0
e 1501610694 390.933715820312 270.160949707031 1  0
space 1501610696 629.594970703125 617.897888183594 1  0
space 1501610696 629.672302246094 620.603881835938 1  0
v 1501610696 644.011291503906 499.949615478516 1  0
e 1501610697 374.714538574219 289.727233886719 1  0
e 1501610697 380.200347900391 295.69482421875 1  0
r 1501610697 460.713287353516 294.101806640625 1  0
back 1501610698 1094.4375 524.921203613281 1  0
back 1501610698 1079.49279785156 519.666381835938 2  0
y 1501610699 698.138977050781 274.39990234375 1  0
back 1501610700 1095.74108886719 521.577697753906 1  0
r 1501610700 499.322296142578 277.912719726562 1  0
y 1501610701 696.776611328125 270.867645263672 1  0
space 1501610702 671.911437988281 633.257446289062 0  0
e 1501610704 366.595062255859 278.417510986328 1  0
x 1501610704 381.993225097656 494.360290527344 1  0
p 1501610705 1099.67736816406 316.726440429688 1  0
e 1501610705 371.252899169922 284.805480957031 1  0
n 1501610707 897.252685546875 502.140655517578 1  0
s 1501610708 299.676330566406 400.665161132812 2  0
i 1501610709 943.104248046875 290.837341308594 1  0
v 1501610709 643.191101074219 509.925750732422 1  0
e 1501610710 381.220520019531 277.908477783203 2  0
