a 1501610291 210.7607421875 397.450378417969 1  0
space 1501610292 748.085876464844 587.197021484375 2  0
p 1501610292 1124.484375 301.033081054688 1  0
r 1501610296 468.27197265625 296.428039550781 2  0
o 1501610296 1004.36120605469 290.825927734375 1  0
b 1501610297 762.904846191406 497.748687744141 1  0
l 1501610297 1105.29162597656 377.305419921875 1  0
e 1501610297 362.281036376953 275.472625732422 1  0
m 1501610298 958.889709472656 510.076019287109 1  0
space 1501610298 559.299011230469 595.800415039062 1  0
w 1501610299 276.683715820312 314.611236572266 1  0
i 1501610299 912.431884765625 287.122406005859 1  0
t 1501610300 563.043701171875 275.620910644531 1  0
h 1501610301 765.304382324219 379.869689941406 1  0
space 1501610301 554.66650390625 621.631286621094 1  0
space 1501610301 557.044006347656 612.109802246094 1  0
e 1501610302 395.653350830078 278.978057861328 1  0
n 1501610303 844.101440429688 512.969299316406 1  0
g 1501610303 657.465698242188 417.098114013672 1  0
i 1501610304 913.903076171875 300.854278564453 1  0
e 1501610304 374.029357910156 277.632019042969 1  0
back 1501610305 1120.91650390625 474.125183105469 1  0
n 1501610306 883.104370117188 519.506896972656 2  0
e 1501610306 399.941162109375 262.294067382812 1  0
