p 1501610599 1128.85559082031 284.753570556641 1  0
r 1501610600 501.087860107422 281.759460449219 1  0
o 1501610600 999.98291015625 288.4150390625 1  0
o 1501610600 1000.10473632812 278.877349853516 1  0
back 1501610601 1126.50720214844 509.350006103516 1  0
t 1501610602 587.717163085938 279.838775634766 1  0
e 1501610603 395.0751953125 283.713134765625 2  0
c 1501610604 521.841125488281 476.925537109375 1  0
t 1501610604 596.135192871094 265.084655761719 1  0
space 1501610605 662.408020019531 602.840942382812 0  0
y 1501610606 732.753051757812 230.89128112793 1  0
o 1501610607 1020.27770996094 295.750305175781 4  0
u 1501610608 806.492553710938 301.716461181641 2  0
r 1501610608 503.897857666016 267.290771484375 1  0
space 1501610609 666.84521484375 606.042419433594 0  0
j 1501610611 894.885986328125 362.177917480469 2  0
e 1501610612 382.799926757812 293.746368408203 1  0
n 1501610613 871.0615234375 470.780548095703 1  0
back 1501610614 1138.89440917969 480.346038818359 1  0
back 1501610614 1114.77075195312 482.317291259766 1  0
back 1501610614 1116.42260742188 474.321594238281 1  0
e 1501610615 331.526397705078 284.081787109375 1  0
n 1501610615 845.2470703125 485.548095703125 1  0
v 1501610615 644.565368652344 490.843566894531 1  0
i 1501610616 916.891479492188 301.127990722656 3  0
r 1501610617 485.655151367188 281.120147705078 1  0
o 1501610617 1037.76293945312 287.215881347656 2  0
n 1501610618 876.763916015625 468.431823730469 1  0
m 1501610618 979.843811035156 486.167877197266 1  0
e 1501610619 379.983276367188 265.501617431641 2  0
back 1501610620 1083.40808105469 521.050903320312 1  0
e 1501610624 323.308410644531 278.854217529297 1  0
n 1501610625 857.443359375 490.362548828125 1  0
t 1501610625 590.716491699219 255.627380371094 1  0
