f 1501610251 537.794555664062 385.265075683594 1  0
o 1501610252 1013.93701171875 270.46044921875 1  0
r 1501610252 472.233947753906 257.906707763672 1  0
space 1501610253 570.161376953125 610.192077636719 0  0
y 1501610253 692.655944824219 273.63623046875 1  0
o 1501610254 1011.44024658203 269.798797607422 1  0
u 1501610254 759.265747070312 286.369110107422 1  0
r 1501610255 480.834014892578 278.218780517578 1  0
space 1501610255 533.464477539062 616.576599121094 1  0
i 1501610256 909.01953125 281.684753417969 1  0
b 1501610256 755.48046875 458.491241455078 1  0
f 1501610256 505.555603027344 393.938873291016 1  0
o 1501610257 989.318603515625 268.322784423828 1  0
r 1501610258 487.764099121094 266.707763671875 1  0
back 1501610258 1155.98620605469 500.461334228516 1  0
back 1501610259 1124.23229980469 499.813018798828 1  0
back 1501610259 1122.09594726562 496.745147705078 1  0
back 1501610260 1122.47790527344 506.438781738281 1  0
n 1501610260 862.80322265625 475.733093261719 1  0
f 1501610261 522.488830566406 396.338470458984 1  0
o 1501610261 1033.41357421875 285.148681640625 1  0
r 1501610262 474.891235351562 278.18701171875 1  0
m 1501610263 968.097900390625 512.565124511719 1  0
a 1501610263 225.494934082031 391.931579589844 1  0
t 1501610264 573.25634765625 283.977722167969 1  0
i 1501610264 920.574768066406 294.939636230469 1  0
o 1501610264 1008.48980712891 312.286895751953 1  0
n 1501610266 860.516052246094 485.667358398438 1  0
space 1501610266 554.901672363281 602.271789550781 1  0
o 1501610267 1031.814453125 298.263824462891 1  0
n 1501610267 869.374694824219 535.457214355469 2  0
l 1501610268 1097.47448730469 414.207855224609 1  0
y 1501610268 677.059143066406 304.215026855469 1  0
