s 1501610382 327.425689697266 399.766632080078 1  0
t 1501610382 574.235229492188 285.111480712891 1  0
a 1501610382 196.55387878418 365.315368652344 1  0
b 1501610383 737.477783203125 492.478729248047 1  0
i 1501610384 904.830932617188 288.093444824219 2  0
l 1501610385 1116.88000488281 399.567718505859 3  0
i 1501610386 906.805908203125 275.973175048828 1  0
t 1501610389 595.206481933594 283.386596679688 1  0
y 1501610389 694.333251953125 290.494171142578 1  0
space 1501610389 561.978088378906 616.796142578125 1  0
o 1501610390 1011.94055175781 294.011871337891 2  0
f 1501610390 541.544067382812 406.480255126953 1  0
space 1501610391 690.076721191406 601.263977050781 1  0
space 1501610391 683.160278320312 599.2822265625 1  0
t 1501610392 585.788146972656 287.283294677734 1  0
h 1501610393 741.652954101562 391.96728515625 1  0
h 1501610393 747.358032226562 401.478698730469 1  0
e 1501610393 382.890563964844 289.401519775391 1  0
back 1501610394 1121.89147949219 503.245758056641 2  0
back 1501610394 1133.25573730469 502.317657470703 1  0
e 1501610394 379.426025390625 289.686553955078 1  0
space 1501610395 658.114562988281 608.789855957031 1  0
b 1501610395 764.379699707031 496.773803710938 1  0
back 1501610396 1115.00427246094 503.808197021484 1  0
n 1501610398 855.150756835938 479.608673095703 1  0
a 1501610398 185.833038330078 379.145355224609 1  0
t 1501610401 608.840026855469 256.916168212891 1  0
i 1501610401 903.187561035156 278.697601318359 2  0
o 1501610401 1041.68432617188 290.529724121094 2  0
n 1501610402 859.1171875 502.012634277344 1  0
n 1501610402 846.309265136719 506.30322265625 1  0
back 1501610403 1142.27758789062 504.821929931641 1  0
