t 1501610311 615.266723632812 285.032287597656 1  0
i 1501610311 918.996643066406 266.993286132812 1  0
m 1501610312 964.129333496094 486.939636230469 1  0
m 1501610312 976.358337402344 479.445404052734 1  0
e 1501610312 366.542663574219 279.637420654297 1  0
back 1501610313 1131.94714355469 505.66552734375 1  0
back 1501610313 1139.21447753906 498.58935546875 2  0
e 1501610314 330.024139404297 289.933654785156 1  0
space 1501610314 715.003295898438 634.657653808594 1  0
t 1501610314 596.517028808594 286.2275390625 1  0
o 1501610315 1011.10278320312 281.092346191406 1  0
g 1501610316 637.331604003906 404.1328125 1  0
back 1501610317 1138.83410644531 505.103149414062 1  0
space 1501610317 720.415466308594 608.291137695312 1  0
g 1501610318 616.615478515625 398.260223388672 1  0
o 1501610319 1043.28820800781 277.407775878906 1  0
space 1501610319 692.439575195312 623.623840332031 1  0
s 1501610320 304.647796630859 381.295806884766 1  0
h 1501610320 738.348388671875 386.041015625 1  0
o 1501610321 1031.54858398438 303.821960449219 2  0
p 1501610321 1147.13403320312 284.117736816406 1  0
p 1501610322 1146.88012695312 280.675384521484 1  0
p 1501610322 1144.91687011719 284.819244384766 1  0
back 1501610323 1111.17370605469 531.049194335938 1  0
back 1501610323 1121.92907714844 512.963195800781 1  0
p 1501610324 1144.25732421875 290.066497802734 1  0
i 1501610325 911.982055664062 288.025543212891 1  0
n 1501610326 861.450500488281 482.342681884766 1  0
g 1501610326 671.712219238281 376.519683837891 1  0
