c 1501610632 528.906188964844 478.230926513672 1  0
p 1501610633 1102.75939941406 297.454742431641 3  0
back 1501610634 1141.95153808594 488.806945800781 2  0
o 1501610634 1048.31677246094 315.412811279297 2  0
enter 1501610636 929.753295898438 566.774719238281 0  0
back 1501610637 1107.48669433594 491.451873779297 2  0
o 1501610640 1020.31921386719 298.515808105469 2  0
m 1501610641 982.902038574219 491.897277832031 2  0
p 1501610641 1165.3427734375 287.296173095703 2  0
a 1501610642 200.099487304688 392.119354248047 3  0
k 1501610645 940.01171875 414.052764892578 2  0
i 1501610645 910.108764648438 299.261962890625 1  0
back 1501610646 1130.26110839844 494.712799072266 2  0
back 1501610647 1104.42736816406 496.822998046875 2  0
j 1501610648 886.981689453125 420.112884521484 1  0
k 1501610648 992.343139648438 390.173645019531 3  0
i 1501610648 889.888793945312 320.642517089844 1  0
back 1501610649 1091.787109375 499.220794677734 2  0
back 1501610650 1111.47839355469 484.636260986328 2  0
back 1501610650 1124.08862304688 477.113342285156 1  0
n 1501610652 890.674133300781 489.696807861328 1  0
i 1501610653 923.867553710938 283.930114746094 1  0
e 1501610654 361.828704833984 283.150604248047 1  0
s 1501610654 331.733489990234 413.015533447266 1  0
space 1501610656 612.616455078125 624.705627441406 1  0
space 1501610656 605.450012207031 621.899841308594 1  0
a 1501610658 243.476867675781 399.073974609375 1  0
n 1501610660 868.339904785156 481.779388427734 1  0
n 1501610660 891.744750976562 502.590698242188 1  0
o 1501610663 1035.88171386719 260.678680419922 1  0
u 1501610664 806.259887695312 247.793426513672 1  0
n 1501610664 867.262145996094 504.079010009766 1  0
c 1501610665 545.160095214844 503.246734619141 1  0
e 1501610665 383.703125 273.014587402344 2  0
space 1501610668 719.728820800781 618.011047363281 0  0
space 1501610669 726.292297363281 629.674377441406 0  0
a 1501610669 211.892349243164 406.489410400391 2  0
space 1501610670 773.858581542969 632.911315917969 0  0
n 1501610670 890.1865234375 508.863006591797 1  0
n 1501610670 884.227966308594 503.887725830078 1  0
back 1501610671 1127.40148925781 528.192260742188 1  0
back 1501610671 1135.55065917969 528.378662109375 1  0
m 1501610672 938.8427734375 502.156890869141 1  0
m 1501610672 956.905944824219 461.877136230469 1  0
back 1501610673 1103.18676757812 535.276184082031 1  0
e 1501610673 414.507843017578 303.623443603516 1  0
r 1501610674 460.218627929688 252.984283447266 1  0
g 1501610674 636.27001953125 356.318176269531 1  0
e 1501610675 401.422576904297 268.428771972656 2  0
r 1501610675 468.711761474609 272.097290039062 1  0
