a 1501610202 235.177658081055 391.309204101562 1  0
l 1501610203 1076.87316894531 385.655181884766 2  0
l 1501610203 1088.75305175781 381.757568359375 1  0
space 1501610204 713.173767089844 596.835083007812 1  0
w 1501610205 285.058258056641 306.122375488281 1  0
o 1501610206 1029.76086425781 298.778594970703 1  0
r 1501610206 455.432983398438 293.669006347656 1  0
k 1501610207 953.226013183594 379.61474609375 1  0
space 1501610207 537.576965332031 616.241333007812 1  0
a 1501610208 234.554244995117 411.863037109375 1  0
n 1501610210 860.171630859375 485.695526123047 2  0
d 1501610210 428.234741210938 388.049865722656 1  0
space 1501610210 741.607116699219 642.814758300781 1  0
space 1501610211 731.332092285156 643.651428222656 1  0
b 1501610211 765.193542480469 490.212677001953 1  0
o 1501610211 1002.07421875 297.245635986328 1  0
back 1501610212 1115.00427246094 503.808197021484 1  0
back 1501610212 1126.47094726562 499.630187988281 1  0
n 1501610213 865.510009765625 507.977630615234 1  0
o 1501610214 1045.95251464844 291.564025878906 2  0
p 1501610214 1093.4921875 290.25537109375 1  0
back 1501610215 1142.58508300781 511.276733398438 1  0
space 1501610215 550.120056152344 610.12939453125 1  0
p 1501610216 1146.96472167969 279.456085205078 1  0
l 1501610216 1081.13854980469 395.965362548828 1  0
l 1501610216 1081.13854980469 395.965362548828 1  0
back 1501610217 1088.95837402344 496.209106445312 1  0
a 1501610218 225.013824462891 380.760162353516 1  0
y 1501610218 717.494323730469 283.909088134766 1  0
