t 1501610274 602.735046386719 300.624176025391 1  0
h 1501610275 770.641235351562 377.192779541016 1  0
e 1501610275 380.372680664062 276.415191650391 1  0
space 1501610275 562.673095703125 591.278625488281 1  0
p 1501610276 1152.82080078125 283.131164550781 1  0
r 1501610277 458.075500488281 295.7060546875 1  0
i 1501610277 898.471862792969 297.794555664062 1  0
c 1501610277 530.866760253906 504.24462890625 1  0
c 1501610278 532.083923339844 513.371826171875 1  0
back 1501610279 1114.11279296875 510.362030029297 1  0
e 1501610280 377.525787353516 282.900451660156 1  0
space 1501610280 568.782775878906 623.023620605469 1  0
o 1501610281 1006.69885253906 280.587982177734 1  0
f 1501610281 530.864501953125 403.914398193359 1  0
space 1501610282 661.003173828125 640.410034179688 1  0
g 1501610282 646.165405273438 405.644989013672 1  0
a 1501610283 202.770782470703 381.205963134766 1  0
s 1501610283 291.138580322266 387.06103515625 1  0
space 1501610283 544.934143066406 617.337585449219 1  0
i 1501610284 926.60302734375 287.516815185547 1  0
s 1501610284 327.468658447266 408.717864990234 1  0
space 1501610284 529.110534667969 599.960815429688 1  0
h 1501610285 723.933898925781 400.130493164062 1  0
i 1501610285 892.812133789062 296.874450683594 1  0
g 1501610286 630.83837890625 390.207885742188 1  0
h 1501610286 735.196533203125 405.570953369141 1  0
