t 1501697336 607.990173339844 281.596130371094 1  0
h 1501697337 753.310302734375 390.559936523438 1  0
e 1501697338 369.109283447266 300.883209228516 2  0
p 1501697339 1118.24377441406 292.792663574219 1  0
o 1501697339 1019.74261474609 303.988159179688 2  0
back 1501697340 1112.8310546875 497.926361083984 1  0
back 1501697341 1124.29797363281 484.092651367188 1  0
space 1501697343 629.340576171875 616.195678710938 1  0
p 1501697345 1132.52368164062 285.102691650391 1  0
o 1501697345 1031.50317382812 286.696533203125 1  0
w 1501697346 275.490966796875 295.371002197266 1  0
e 1501697346 359.502136230469 295.122100830078 1  0
r 1501697346 442.857696533203 294.928802490234 2  0
space 1501697348 650.487854003906 603.719299316406 1  0
o 1501697348 1017.23651123047 300.922271728516 1  0
f 1501697349 512.950622558594 393.585510253906 1  0
space 1501697349 653.521484375 604.830078125 1  0
s 1501697350 305.993896484375 432.898681640625 1  0
d 1501697350 424.229888916016 400.703765869141 1  0
e 1501697350 387.730621337891 318.977203369141 2  0
back 1501697351 1118.48791503906 503.933776855469 1  0
back 1501697352 1118.15051269531 487.813079833984 1  0
back 1501697352 1121.64123535156 481.071899414062 1  0
d 1501697352 412.900939941406 398.364318847656 1  0
e 1501697353 360.852966308594 298.281677246094 2  0
n 1501697354 829.195556640625 491.425842285156 1  0
i 1501697354 905.326293945312 313.195190429688 1  0
a 1501697355 202.407043457031 402.269622802734 1  0
l 1501697355 1079.69909667969 390.421112060547 2  0
