t 1501697426 612.323120117188 291.058715820312 1  0
h 1501697427 756.763671875 390.283111572266 1  0
e 1501697427 360.444885253906 279.725921630859 1  0
space 1501697428 652.628295898438 610.302917480469 1  0
s 1501697428 329.990936279297 403.821319580078 2  0
u 1501697429 804.291748046875 301.730682373047 2  0
n 1501697429 835.354736328125 507.079711914062 1  0
space 1501697429 684.340209960938 588.199157714844 1  0
back 1501697430 1116.55969238281 494.400543212891 1  0
back 1501697430 1112.55895996094 485.026580810547 2  0
m 1501697431 989.299926757812 491.602447509766 2  0
space 1501697432 687.599670410156 587.940979003906 1  0
o 1501697432 1013.65472412109 311.011077880859 1  0
f 1501697432 531.064270019531 394.184661865234 1  0
space 1501697433 644.720886230469 591.337829589844 1  0
t 1501697433 597.791381835938 292.231292724609 1  0
h 1501697434 717.056945800781 393.465759277344 1  0
e 1501697434 362.880035400391 279.701202392578 1  0
space 1501697434 701.961791992188 590.183532714844 1  0
p 1501697435 1086.86730957031 321.449096679688 1  0
a 1501697435 216.484481811523 390.707641601562 1  0
r 1501697435 473.450012207031 286.951263427734 1  0
t 1501697435 608.973388671875 284.7880859375 1  0
s 1501697436 305.958129882812 376.499237060547 2  0
