a 1501697397 219.6328125 394.388610839844 1  0
l 1501697398 1079.69909667969 390.421112060547 2  0
l 1501697398 1106.08081054688 375.302124023438 1  0
space 1501697398 648.311096191406 602.540710449219 1  0
w 1501697399 278.597106933594 295.120025634766 1  0
o 1501697399 1006.32440185547 295.263885498047 1  0
r 1501697399 494.703247070312 290.742828369141 2  0
k 1501697400 972.374206542969 389.261505126953 1  0
space 1501697400 684.340209960938 588.199157714844 1  0
a 1501697401 199.283615112305 409.014831542969 1  0
n 1501697401 844.083129882812 503.667205810547 3  0
d 1501697402 423.086822509766 410.537139892578 1  0
space 1501697402 660.915100097656 606.439819335938 1  0
n 1501697403 873.514099121094 507.441345214844 3  0
o 1501697404 1036.62316894531 312.429473876953 1  0
space 1501697404 697.598754882812 583.767883300781 1  0
p 1501697405 1136.43579101562 297.866760253906 1  0
l 1501697405 1093.54614257812 389.312957763672 1  0
a 1501697405 209.345809936523 388.715270996094 1  0
y 1501697406 715.547058105469 305.613800048828 1  0
