p 1501697651 1125.6826171875 282.382385253906 3  0
l 1501697653 1068.96887207031 391.279815673828 2  0
e 1501697653 375.564605712891 274.025054931641 2  0
a 1501697653 190.343933105469 375.866638183594 1  0
s 1501697653 309.891082763672 400.477264404297 1  0
e 1501697654 373.099578857422 284.557495117188 2  0
space 1501697654 683.293762207031 601.798034667969 1  0
f 1501697655 538.03662109375 396.361572265625 1  0
o 1501697655 1038.71728515625 282.844329833984 1  0
l 1501697655 1050.23022460938 383.027252197266 3  0
l 1501697656 1053.98779296875 395.728149414062 3  0
o 1501697656 1004.06915283203 295.445465087891 1  0
w 1501697657 278.678070068359 276.693420410156 2  0
space 1501697657 670.588745117188 563.5791015625 1  0
y 1501697658 700.921813964844 293.720245361328 3  0
h 1501697658 737.845886230469 404.794067382812 1  0
e 1501697658 388.16162109375 287.2998046875 2  0
back 1501697659 1066.9619140625 456.313171386719 2  0
back 1501697659 1081.79614257812 477.777587890625 1  0
back 1501697659 1076.92077636719 468.4638671875 1  0
t 1501697660 584.136779785156 278.011535644531 1  0
j 1501697660 843.575744628906 386.576202392578 3  0
back 1501697661 1126.15783691406 490.407104492188 1  0
d 1501697662 463.517120361328 430.861114501953 1  0
h 1501697662 723.881530761719 379.914733886719 1  0
back 1501697663 1094.18872070312 467.088500976562 1  0
back 1501697663 1078.52502441406 485.012939453125 3  0
h 1501697664 772.102172851562 382.551452636719 1  0
e 1501697664 367.014801025391 257.653198242188 1  0
space 1501697665 604.049255371094 597.938537597656 1  0
g 1501697666 633.235473632812 400.526245117188 1  0
u 1501697666 798.130920410156 298.959167480469 1  0
i 1501697667 902.53515625 287.275970458984 1  0
d 1501697668 414.515747070312 398.918701171875 2  0
e 1501697668 373.156707763672 283.34765625 2  0
l 1501697668 1085.17529296875 402.978942871094 2  0
i 1501697669 926.466369628906 298.425842285156 1  0
n 1501697669 823.071350097656 488.682891845703 1  0
e 1501697669 362.981719970703 284.342163085938 1  0
s 1501697670 314.343353271484 401.658508300781 1  0
