h 1501697485 762.499877929688 380.069427490234 1  0
back 1501697486 1119.66613769531 494.153533935547 1  0
t 1501697486 591.285095214844 274.161285400391 1  0
h 1501697487 757.524047851562 386.971557617188 1  0
e 1501697487 365.991607666016 283.065887451172 1  0
space 1501697488 630.245727539062 595.525817871094 1  0
p 1501697489 1117.75305175781 302.637634277344 1  0
r 1501697490 473.837982177734 274.348968505859 1  0
i 1501697490 927.767211914062 281.971130371094 1  0
e 1501697491 341.484771728516 274.541595458984 1  0
back 1501697492 1108.86547851562 482.088470458984 1  0
c 1501697493 531.1640625 502.251373291016 1  0
e 1501697493 374.595977783203 282.026031494141 1  0
space 1501697494 594.615844726562 617.592895507812 1  0
o 1501697494 1025.83325195312 296.962097167969 1  0
f 1501697495 532.442138671875 401.597503662109 1  0
space 1501697495 613.67626953125 580.274658203125 1  0
g 1501697496 650.512084960938 395.550598144531 1  0
a 1501697498 212.710906982422 374.067352294922 1  0
s 1501697499 328.763916015625 361.304565429688 1  0
space 1501697499 652.262756347656 575.185546875 1  0
i 1501697500 908.791625976562 312.916320800781 1  0
space 1501697500 638.8896484375 578.275573730469 1  0
back 1501697501 1104.20458984375 482.459350585938 1  0
s 1501697501 326.482940673828 403.419097900391 1  0
space 1501697502 643.912170410156 599.68017578125 1  0
h 1501697503 766.231201171875 387.129028320312 1  0
i 1501697503 922.999084472656 298.705078125 1  0
g 1501697504 642.057189941406 405.972778320312 1  0
h 1501697504 762.148986816406 396.350830078125 1  0
