c 1501697756 527.197143554688 508.003570556641 1  0
o 1501697756 1040.55920410156 302.313079833984 1  0
back 1501697759 1057.53271484375 482.941436767578 1  0
back 1501697759 1055.90612792969 479.838500976562 1  0
c 1501697762 516.2421875 483.210845947266 1  0
o 1501697762 998.719909667969 282.795623779297 2  0
m 1501697763 957.571044921875 500.585540771484 1  0
p 1501697763 1155.94885253906 299.565246582031 1  0
a 1501697764 191.1474609375 387.098388671875 2  0
n 1501697764 826.019165039062 494.908721923828 1  0
i 1501697764 909.131225585938 299.821899414062 1  0
e 1501697765 390.105712890625 271.298492431641 2  0
s 1501697765 297.428558349609 388.48046875 1  0
space 1501697765 619.29296875 617.665405273438 1  0
a 1501697768 224.706344604492 398.256134033203 2  0
n 1501697769 849.442565917969 493.043792724609 1  0
n 1501697769 862.374633789062 498.473449707031 1  0
o 1501697769 1055.28149414062 307.662689208984 1  0
u 1501697770 818.917175292969 297.284210205078 1  0
n 1501697770 846.43603515625 496.512878417969 1  0
e 1501697771 361.96923828125 295.438995361328 1  0
back 1501697771 1112.4228515625 478.572875976562 2  0
e 1501697772 354.033386230469 285.409729003906 2  0
c 1501697772 558.606323242188 503.292694091797 1  0
e 1501697772 378.502868652344 277.404815673828 2  0
back 1501697773 1085.63330078125 487.168640136719 1  0
back 1501697773 1086.97497558594 477.365356445312 1  0
back 1501697773 1094.982421875 463.789855957031 3  0
c 1501697774 552.423645019531 520.765625 1  0
e 1501697775 397.150390625 272.107116699219 1  0
space 1501697775 649.0048828125 604.512145996094 1  0
a 1501697776 216.708724975586 392.913238525391 2  0
space 1501697776 739.960388183594 592.075134277344 1  0
m 1501697777 980.485107421875 505.219635009766 2  0
e 1501697777 369.777038574219 286.203247070312 2  0
r 1501697777 480.494934082031 289.652740478516 1  0
g 1501697780 627.223754882812 387.668273925781 1  0
e 1501697780 378.281311035156 280.522735595703 1  0
r 1501697780 493.886779785156 276.346099853516 1  0
