t 1501697675 586.269226074219 299.698547363281 1  0
h 1501697675 780.537658691406 375.369995117188 1  0
e 1501697675 364.108093261719 283.390258789062 1  0
space 1501697676 682.932556152344 648.539672851562 0  0
m 1501697676 971.6845703125 450.959716796875 2  0
l 1501697677 1090.77661132812 389.534606933594 1  0
back 1501697678 1088.51049804688 515.995361328125 1  0
back 1501697678 1107.99963378906 498.310424804688 1  0
l 1501697679 1099.77795410156 388.814239501953 1  0
i 1501697679 964.264343261719 321.856353759766 1  0
b 1501697680 725.47021484375 512.595703125 1  0
b 1501697680 754.681091308594 487.669250488281 2  0
t 1501697680 584.592712402344 296.565307617188 2  0
back 1501697681 1091.70617675781 480.2216796875 1  0
back 1501697681 1087.05297851562 496.74658203125 1  0
a 1501697682 244.710006713867 422.962280273438 1  0
r 1501697682 482.188842773438 287.278259277344 1  0
a 1501697683 221.644607543945 392.003509521484 2  0
back 1501697684 1085.53149414062 490.407592773438 1  0
back 1501697686 1136.59753417969 476.648895263672 1  0
back 1501697686 1124.98852539062 484.037719726562 1  0
r 1501697687 489.249206542969 290.150543212891 1  0
a 1501697687 204.171142578125 392.381286621094 1  0
r 1501697688 483.949401855469 287.480377197266 2  0
y 1501697688 683.594543457031 288.922546386719 1  0
space 1501697689 634.561889648438 595.521850585938 1  0
i 1501697689 908.091247558594 299.905639648438 1  0
s 1501697690 344.59033203125 400.598266601562 2  0
space 1501697690 647.224914550781 588.435424804688 1  0
l 1501697691 1069.359375 400.995880126953 1  0
back 1501697692 1095.09240722656 492.877563476562 1  0
space 1501697692 498.72412109375 602.903686523438 3  0
c 1501697693 536.104675292969 480.775268554688 1  0
l 1501697694 1065.90869140625 378.519500732422 2  0
o 1501697694 1028.41564941406 303.290252685547 1  0
s 1501697695 285.863067626953 380.340118408203 2  0
e 1501697695 384.566955566406 280.703491210938 1  0
d 1501697696 426.485687255859 380.679565429688 1  0
space 1501697696 678.395568847656 589.34619140625 1  0
space 1501697697 656.6806640625 593.769958496094 1  0
t 1501697697 581.692810058594 291.46533203125 1  0
o 1501697698 1041.10229492188 295.73291015625 1  0
d 1501697699 421.337158203125 421.267028808594 1  0
a 1501697699 208.419494628906 393.237213134766 2  0
y 1501697699 709.188354492188 286.513488769531 1  0
