q 1501697805 166.972732543945 313.938507080078 1  0
q 1501697806 149.090438842773 302.317291259766 2  0
back 1501697807 1130.91088867188 502.946624755859 1  0
u 1501697807 803.897033691406 288.686584472656 1  0
e 1501697808 380.617279052734 275.855926513672 1  0
s 1501697808 302.231872558594 394.936706542969 1  0
t 1501697809 583.156555175781 299.949615478516 1  0
back 1501697810 1111.2548828125 456.020050048828 2  0
t 1501697812 600.674560546875 268.061309814453 1  0
i 1501697813 905.66455078125 300.10107421875 1  0
o 1501697813 1042.33972167969 289.09423828125 1  0
n 1501697813 863.26611328125 469.315826416016 2  0
s 1501697814 330.222290039062 384.990203857422 2  0
space 1501697814 680.69091796875 591.868286132812 1  0
n 1501697814 893.395202636719 508.917388916016 2  0
back 1501697815 1140.16381835938 498.982849121094 1  0
m 1501697815 957.113220214844 529.653503417969 1  0
u 1501697816 808.14892578125 314.485931396484 1  0
s 1501697816 313.209228515625 407.731597900391 1  0
t 1501697818 625.984375 260.499725341797 1  0
space 1501697819 643.961791992188 594.439392089844 1  0
b 1501697819 743.631164550781 498.239654541016 1  0
e 1501697820 373.240539550781 287.816833496094 2  0
space 1501697820 630.631469726562 601.745056152344 1  0
a 1501697821 197.899749755859 398.870513916016 1  0
n 1501697821 868.192260742188 501.748870849609 3  0
s 1501697821 317.211334228516 409.6318359375 2  0
w 1501697822 282.328796386719 292.409576416016 1  0
e 1501697822 384.237823486328 277.285675048828 2  0
r 1501697822 463.221160888672 280.029693603516 1  0
e 1501697823 383.317016601562 300.252075195312 2  0
d 1501697823 398.774871826172 377.770477294922 2  0
