a 1501697514 209.376876831055 382.210296630859 1  0
a 1501697514 204.261260986328 372.863525390625 1  0
back 1501697515 1129.63671875 499.819519042969 1  0
space 1501697516 737.255798339844 590.768371582031 2  0
p 1501697516 1107.82604980469 293.631134033203 1  0
r 1501697517 487.957061767578 274.413726806641 2  0
o 1501697517 985.450866699219 280.59326171875 2  0
b 1501697518 740.497131347656 492.030059814453 1  0
l 1501697518 1056.65686035156 398.763519287109 1  0
e 1501697518 367.786956787109 287.224761962891 1  0
m 1501697519 947.659545898438 504.60205078125 3  0
space 1501697519 744.623718261719 580.041809082031 2  0
w 1501697520 254.24543762207 282.974945068359 1  0
i 1501697520 901.247192382812 303.724365234375 1  0
t 1501697521 591.408386230469 275.529541015625 1  0
h 1501697521 749.857055664062 390.836700439453 1  0
space 1501697521 626.545593261719 592.777648925781 1  0
t 1501697522 602.308044433594 311.47314453125 1  0
h 1501697522 736.01513671875 401.693084716797 1  0
e 1501697522 372.065826416016 291.870239257812 1  0
space 1501697522 648.831359863281 575.457641601562 1  0
e 1501697523 362.357025146484 285.081359863281 1  0
b 1501697524 743.939514160156 491.755798339844 1  0
back 1501697524 1134.45922851562 473.585479736328 1  0
n 1501697525 842.552795410156 493.592346191406 1  0
g 1501697525 654.233581542969 402.262390136719 1  0
i 1501697526 917.366027832031 302.426544189453 1  0
b 1501697526 750.411743164062 494.47021484375 1  0
back 1501697526 1085.75830078125 461.288696289062 1  0
n 1501697527 844.307434082031 506.367492675781 1  0
e 1501697527 370.781890869141 289.392456054688 1  0
