f 1501697442 537.896057128906 394.833801269531 1  0
f 1501697442 548.879455566406 397.201904296875 1  0
o 1501697443 1002.00225830078 289.072814941406 1  0
r 1501697443 492.456085205078 290.924285888672 1  0
v 1501697443 640.249938964844 545.155517578125 1  0
back 1501697444 1127.45983886719 503.220825195312 2  0
back 1501697444 1126.91491699219 493.577209472656 1  0
back 1501697445 1113.52673339844 481.717559814453 2  0
back 1501697445 1126.13024902344 480.714691162109 1  0
o 1501697446 1034.08544921875 293.028656005859 1  0
r 1501697447 499.760650634766 287.064178466797 1  0
space 1501697447 602.8623046875 592.457336425781 1  0
y 1501697451 685.400268554688 289.637451171875 1  0
o 1501697451 1042.33972167969 289.09423828125 1  0
u 1501697451 806.352905273438 286.767242431641 1  0
r 1501697454 494.881225585938 264.548583984375 1  0
space 1501697455 668.788452148438 623.197814941406 1  0
i 1501697456 904.100219726562 293.689666748047 1  0
b 1501697457 716.158874511719 523.011962890625 1  0
back 1501697457 1127.29956054688 487.085357666016 1  0
n 1501697458 844.307434082031 506.367492675781 1  0
f 1501697459 542.92529296875 396.653503417969 1  0
o 1501697459 1030.99719238281 309.616088867188 1  0
r 1501697459 473.296569824219 279.732208251953 2  0
n 1501697460 896.227966308594 499.00830078125 1  0
back 1501697461 1157.23266601562 487.935913085938 2  0
m 1501697461 979.542358398438 502.066589355469 2  0
a 1501697461 234.579849243164 387.884704589844 2  0
t 1501697462 582.758239746094 303.249420166016 1  0
i 1501697462 943.025756835938 293.823272705078 1  0
o 1501697462 1017.19451904297 284.578277587891 1  0
b 1501697463 743.391052246094 501.487426757812 1  0
back 1501697464 1101.02819824219 479.479766845703 2  0
n 1501697464 847.328369140625 509.354248046875 1  0
space 1501697464 712.354125976562 602.368896484375 1  0
t 1501697465 590.501525878906 280.941864013672 1  0
o 1501697465 1028.92004394531 280.362091064453 1  0
space 1501697466 630.973815917969 567.060852050781 1  0
y 1501697466 680.968078613281 288.790161132812 1  0
o 1501697467 1017.12298583984 310.732086181641 1  0
u 1501697467 795.831481933594 308.946228027344 1  0
back 1501697472 1136.72900390625 483.103698730469 2  0
back 1501697472 1122.58752441406 493.751220703125 3  0
back 1501697472 1110.07397460938 481.992309570312 1  0
back 1501697473 1128.41455078125 474.066650390625 1  0
back 1501697473 1131.86865234375 473.791687011719 1  0
back 1501697474 1122.64855957031 471.291595458984 1  0
o 1501697474 1006.32440185547 295.263885498047 1  0
n 1501697475 827.091491699219 507.737121582031 1  0
l 1501697475 1074.79467773438 403.809020996094 1  0
y 1501697476 705.205871582031 286.834777832031 1  0
