t 1501697785 592.149108886719 299.224273681641 1  0
i 1501697786 917.360473632812 282.81005859375 1  0
c 1501697786 551.364868164062 516.776245117188 1  0
k 1501697786 987.928649902344 394.516082763672 1  0
e 1501697787 363.3505859375 295.327423095703 1  0
s 1501697787 301.155426025391 384.074401855469 2  0
back 1501697788 1127.88403320312 490.269836425781 3  0
t 1501697790 589.806274414062 308.011474609375 2  0
s 1501697790 338.360961914062 406.055114746094 1  0
space 1501697791 667.141540527344 626.026306152344 1  0
a 1501697791 200.304077148438 395.257446289062 3  0
r 1501697792 501.710052490234 287.423126220703 1  0
e 1501697792 365.213714599609 275.034332275391 1  0
space 1501697792 668.548156738281 602.965209960938 1  0
v 1501697794 633.781616210938 503.759765625 1  0
e 1501697795 357.665252685547 301.291229248047 1  0
r 1501697795 485.538391113281 276.503997802734 1  0
y 1501697795 688.564453125 285.939575195312 1  0
space 1501697796 652.5009765625 606.936828613281 1  0
e 1501697796 361.247985839844 298.765808105469 1  0
x 1501697797 416.776824951172 525.456115722656 1  0
p 1501697797 1143.38146972656 297.307952880859 1  0
e 1501697798 374.925994873047 285.442810058594 1  0
n 1501697798 844.242858886719 480.532897949219 2  0
back 1501697799 1104.20458984375 482.459350585938 1  0
n 1501697799 878.747985839844 503.627532958984 1  0
s 1501697800 326.016845703125 403.969268798828 2  0
i 1501697800 900.632995605469 293.968994140625 2  0
v 1501697801 640.199035644531 509.703399658203 1  0
e 1501697801 383.349548339844 289.754089355469 1  0
