w 1501697556 274.76171875 298.526641845703 1  0
i 1501697556 936.526000976562 284.536437988281 1  0
t 1501697557 590.449401855469 291.963317871094 1  0
h 1501697557 780.58056640625 404.619232177734 1  0
space 1501697557 629.944519042969 592.17041015625 1  0
e 1501697558 389.08154296875 296.862274169922 1  0
a 1501697558 199.427017211914 395.156951904297 1  0
h 1501697559 762.148986816406 396.350830078125 1  0
back 1501697559 1109.79699707031 485.246307373047 1  0
h 1501697560 774.032287597656 388.898986816406 1  0
back 1501697561 1072.30236816406 478.533325195312 2  0
c 1501697562 551.733276367188 503.840362548828 1  0
h 1501697563 768.293701171875 399.107391357422 1  0
space 1501697563 728.935729980469 574.519775390625 2  0
s 1501697565 323.180480957031 385.72705078125 2  0
t 1501697566 622.128601074219 293.537078857422 1  0
e 1501697566 380.386993408203 277.080291748047 2  0
p 1501697566 1119.14172363281 302.525939941406 1  0
space 1501697567 683.636108398438 582.169189453125 1  0
f 1501697567 527.241333007812 411.072174072266 1  0
o 1501697567 1021.05285644531 300.615112304688 2  0
r 1501697568 496.549865722656 282.502990722656 1  0
w 1501697568 258.935028076172 305.48046875 1  0
a 1501697568 205.828247070312 374.621032714844 2  0
r 1501697569 465.270843505859 283.307983398438 1  0
d 1501697569 431.585845947266 394.128753662109 1  0
