y 1501697705 732.2587890625 291.193115234375 3  0
back 1501697706 1122.89672851562 516.490417480469 1  0
t 1501697707 598.24560546875 285.654052734375 1  0
h 1501697707 768.647644042969 382.828460693359 1  0
i 1501697708 911.034912109375 293.130981445312 1  0
s 1501697708 316.723388671875 399.415924072266 2  0
space 1501697709 627.787231445312 589.299499511719 1  0
a 1501697709 219.889221191406 386.670166015625 1  0
p 1501697709 1126.84692382812 305.173522949219 1  0
e 1501697710 386.541381835938 283.126800537109 1  0
r 1501697710 458.195739746094 282.157745361328 1  0
back 1501697710 1115.53076171875 478.325531005859 1  0
back 1501697711 1105.58557128906 482.349456787109 1  0
back 1501697711 1111.28247070312 481.896148681641 1  0
back 1501697711 1105.17150878906 479.149993896484 2  0
p 1501697712 1140.40600585938 287.738861083984 2  0
e 1501697712 370.422912597656 296.476684570312 1  0
r 1501697713 466.022888183594 282.041931152344 1  0
s 1501697713 319.378540039062 403.476531982422 1  0
o 1501697713 1015.61492919922 291.246459960938 3  0
n 1501697714 868.966491699219 475.329620361328 2  0
space 1501697714 748.723022460938 617.553466796875 1  0
i 1501697715 894.751647949219 307.514312744141 2  0
s 1501697715 320.377380371094 403.054473876953 1  0
space 1501697715 689.410766601562 581.03515625 1  0
a 1501697715 207.381774902344 383.055328369141 2  0
space 1501697716 709.5625 653.341552734375 0  0
d 1501697717 434.346954345703 406.729278564453 1  0
i 1501697717 919.8759765625 285.878356933594 1  0
s 1501697717 317.385894775391 414.913757324219 1  0
a 1501697717 196.950988769531 376.020050048828 1  0
s 1501697718 334.864898681641 391.631774902344 1  0
s 1501697719 268.386871337891 346.106353759766 1  0
e 1501697719 357.921813964844 293.184967041016 1  0
r 1501697719 452.000793457031 281.108520507812 1  0
back 1501697719 1112.00939941406 475.372528076172 1  0
back 1501697720 1123.33935546875 471.236572265625 1  0
back 1501697720 1096.01220703125 495.864196777344 3  0
t 1501697721 613.450256347656 268.580017089844 1  0
e 1501697722 377.064880371094 285.958618164062 2  0
r 1501697722 483.904846191406 277.669403076172 2  0
