h 1501697379 748.130493164062 390.97509765625 1  0
a 1501697379 216.193374633789 394.664947509766 1  0
v 1501697379 637.679260253906 496.992095947266 1  0
e 1501697380 378.875244140625 290.287628173828 1  0
space 1501697380 577.11181640625 590.273132324219 1  0
a 1501697381 217.896697998047 397.777130126953 2  0
space 1501697382 600.216735839844 605.166137695312 1  0
g 1501697383 656.669555664062 388.557067871094 1  0
o 1501697383 1012.8046875 304.546478271484 1  0
o 1501697383 1011.10357666016 291.609771728516 1  0
d 1501697383 427.042938232422 393.809234619141 1  0
space 1501697384 641.265686035156 599.045227050781 1  0
w 1501697384 297.513702392578 292.903259277344 3  0
e 1501697385 389.434844970703 298.726104736328 2  0
e 1501697385 372.875915527344 303.846649169922 1  0
k 1501697385 965.185791015625 399.585266113281 2  0
e 1501697385 353.780944824219 279.231414794922 3  0
b 1501697386 722.268371582031 509.624084472656 1  0
back 1501697387 1120.42370605469 497.322784423828 1  0
n 1501697388 868.503967285156 513.953247070312 3  0
d 1501697389 401.088958740234 409.054779052734 1  0
