c 1501697362 517.592529296875 503.3330078125 1  0
a 1501697362 218.822250366211 384.702545166016 2  0
l 1501697363 1079.69909667969 390.421112060547 2  0
l 1501697363 1075.05541992188 384.291168212891 2  0
space 1501697363 732.212524414062 584.40673828125 1  0
f 1501697364 543.977905273438 391.096130371094 1  0
o 1501697364 1036.71008300781 286.277130126953 1  0
r 1501697365 453.117401123047 274.473388671875 1  0
space 1501697365 640.281616210938 586.112121582031 1  0
m 1501697367 958.860473632812 503.711303710938 1  0
o 1501697367 1020.59130859375 310.453094482422 1  0
r 1501697367 441.743896484375 301.555541992188 2  0
e 1501697367 357.641876220703 272.373382568359 3  0
space 1501697368 646.039245605469 606.097595214844 1  0
d 1501697368 392.886108398438 435.493011474609 3  0
e 1501697369 385.784240722656 289.729461669922 3  0
a 1501697370 211.112869262695 378.818572998047 1  0
back 1501697370 1113.10815429688 494.674957275391 2  0
t 1501697371 599.629760742188 285.542327880859 1  0
a 1501697372 207.641265869141 385.601379394531 1  0
i 1501697372 895.599609375 287.834930419922 1  0
l 1501697373 1082.193359375 393.471374511719 1  0
s 1501697373 334.492706298828 394.911376953125 2  0
