t 1501697578 601.834167480469 298.443084716797 1  0
h 1501697578 740.638488769531 394.825317382812 1  0
e 1501697579 382.23974609375 298.102905273438 1  0
space 1501697579 597.766540527344 578.153930664062 1  0
s 1501697579 308.531768798828 393.746612548828 1  0
e 1501697580 369.847930908203 297.727386474609 1  0
o 1501697581 1037.55603027344 292.749206542969 1  0
back 1501697582 1100.78625488281 476.265930175781 1  0
c 1501697583 537.84521484375 514.627197265625 1  0
o 1501697584 1007.53881835938 295.166107177734 1  0
n 1501697585 839.952209472656 487.338348388672 1  0
d 1501697586 429.195617675781 390.899780273438 1  0
space 1501697586 622.136962890625 603.261901855469 1  0
l 1501697587 1066.072265625 401.2587890625 2  0
a 1501697587 230.260223388672 403.451629638672 1  0
t 1501697587 568.042541503906 294.631774902344 2  0
back 1501697588 1090.50366210938 496.472229003906 3  0
r 1501697589 522.755798339844 275.73583984375 1  0
g 1501697589 641.138793945312 399.550811767578 1  0
e 1501697589 383.2421875 275.988220214844 1  0
s 1501697591 327.127410888672 406.443817138672 1  0
y 1501697592 713.690490722656 286.150268554688 3  0
back 1501697593 1118.05310058594 474.891448974609 1  0
y 1501697594 690.396118164062 274.942749023438 3  0
back 1501697596 1123.76953125 500.285827636719 1  0
y 1501697596 705.8125 299.863372802734 3  0
back 1501697597 1094.18872070312 467.088500976562 1  0
t 1501697599 621.884460449219 257.555084228516 1  0
space 1501697599 606.334411621094 586.942993164062 1  0
c 1501697606 547.485473632812 502.819702148438 1  0
o 1501697606 1001.79907226562 302.164733886719 3  0
u 1501697606 799.491455078125 292.311706542969 1  0
n 1501697608 853.985900878906 482.988922119141 1  0
t 1501697608 596.368041992188 326.726928710938 3  0
r 1501697608 471.545196533203 275.912384033203 1  0
y 1501697611 695.839965820312 309.436706542969 2  0
