t 1501697534 581.492004394531 289.244201660156 2  0
i 1501697534 928.721435546875 278.622222900391 2  0
m 1501697534 939.051574707031 485.909271240234 1  0
e 1501697534 374.802825927734 285.969207763672 2  0
space 1501697535 678.923828125 565.964477539062 1  0
t 1501697535 579.352233886719 300.256469726562 1  0
o 1501697535 1014.57379150391 291.330291748047 1  0
b 1501697536 722.574279785156 545.056091308594 1  0
back 1501697537 1121.31555175781 506.936767578125 1  0
g 1501697537 635.538330078125 391.278228759766 1  0
o 1501697537 1059.697265625 287.696380615234 1  0
space 1501697538 651.418640136719 600.605895996094 1  0
back 1501697538 1085.83715820312 480.688751220703 2  0
back 1501697538 1073.62548828125 491.354583740234 1  0
back 1501697539 1093.91735839844 486.509613037109 1  0
space 1501697540 689.164794921875 605.723693847656 1  0
g 1501697542 668.782653808594 401.780242919922 1  0
o 1501697542 1041.02685546875 292.469757080078 1  0
space 1501697542 691.709350585938 595.388732910156 1  0
h 1501697543 769.055053710938 395.797515869141 1  0
o 1501697543 1011.49542236328 307.918670654297 1  0
p 1501697543 1121.71655273438 292.513153076172 1  0
p 1501697543 1135.60900878906 291.39501953125 1  0
back 1501697544 1114.49475097656 478.407989501953 2  0
back 1501697544 1130.72607421875 477.116180419922 2  0
back 1501697545 1124.98852539062 484.037719726562 1  0
back 1501697545 1133.14367675781 476.923767089844 1  0
s 1501697545 317.875183105469 393.509338378906 1  0
h 1501697546 755.5908203125 380.62353515625 1  0
o 1501697547 1033.02319335938 299.651672363281 1  0
p 1501697547 1127.34033203125 295.329833984375 1  0
p 1501697548 1136.93225097656 288.018493652344 1  0
i 1501697548 933.750793457031 284.760101318359 1  0
n 1501697549 831.37646484375 500.940521240234 1  0
g 1501697549 657.1416015625 380.134033203125 1  0
