s 1501697617 347.619567871094 404.970458984375 2  0
a 1501697618 208.512115478516 373.720153808594 2  0
back 1501697619 1133.14367675781 476.923767089844 1  0
t 1501697621 612.621643066406 278.811218261719 2  0
s 1501697622 327.949859619141 413.041564941406 1  0
back 1501697622 1122.49462890625 497.158172607422 1  0
a 1501697622 187.404022216797 377.64404296875 1  0
b 1501697623 737.054809570312 492.304290771484 1  0
i 1501697624 901.247192382812 303.724365234375 1  0
i 1501697625 899.067321777344 287.555450439453 3  0
y 1501697625 672.301818847656 299.296844482422 3  0
u 1501697625 776.178771972656 290.921447753906 3  0
back 1501697626 1124.85485839844 477.583465576172 1  0
back 1501697626 1108.62451171875 478.875183105469 1  0
back 1501697627 1114.49475097656 478.407989501953 1  0
l 1501697628 1082.81457519531 390.171783447266 2  0
i 1501697629 928.095092773438 299.154754638672 1  0
t 1501697630 602.614624023438 279.963745117188 1  0
y 1501697630 735.432250976562 279.402770996094 1  0
space 1501697631 677.455383300781 617.789367675781 0  0
o 1501697631 1021.9013671875 307.081451416016 3  0
f 1501697631 554.311279296875 384.449768066406 1  0
space 1501697632 624.406127929688 599.70458984375 1  0
space 1501697632 601.356750488281 596.800415039062 1  0
y 1501697633 690.0302734375 320.730926513672 3  0
back 1501697634 1121.59350585938 503.686981201172 1  0
y 1501697635 717.302307128906 295.668548583984 3  0
j 1501697635 850.487976074219 386.022277832031 1  0
back 1501697636 1098.75012207031 486.125152587891 1  0
back 1501697636 1125.04418945312 503.412780761719 1  0
t 1501697637 606.152404785156 280.539123535156 2  0
h 1501697637 768.261047363281 388.506164550781 1  0
e 1501697638 402.989166259766 294.878967285156 1  0
space 1501697639 651.02197265625 594.218139648438 1  0
a 1501697640 213.504196166992 378.455017089844 2  0
back 1501697641 1128.4951171875 503.138580322266 1  0
n 1501697642 837.448791503906 507.252868652344 1  0
a 1501697642 237.429443359375 405.781646728516 1  0
t 1501697643 579.305053710938 290.109100341797 1  0
i 1501697643 904.438171386719 280.580139160156 1  0
o 1501697644 992.739440917969 280.005828857422 1  0
b 1501697645 749.998718261719 497.732604980469 1  0
back 1501697645 1116.70202636719 484.696960449219 1  0
n 1501697646 861.950439453125 501.735809326172 1  0
