i 1501697297 935.660522460938 278.062744140625 1  0
a 1501697299 212.129287719727 381.988983154297 2  0
back 1501697300 1092.20385742188 491.407165527344 1  0
space 1501697301 700.196716308594 570.031005859375 2  0
s 1501697302 267.984252929688 378.525115966797 1  0
back 1501697306 1124.97741699219 500.189819335938 2  0
a 1501697307 208.692474365234 389.10986328125 1  0
h 1501697308 743.914916992188 378.307739257812 3  0
back 1501697310 1127.45983886719 503.220825195312 1  0
h 1501697311 709.527526855469 390.819396972656 3  0
back 1501697312 1125.52282714844 509.829650878906 2  0
g 1501697313 662.319396972656 383.655120849609 1  0
r 1501697315 475.594268798828 291.253082275391 2  0
e 1501697315 362.584197998047 280.241851806641 2  0
e 1501697316 386.442962646484 278.485229492188 1  0
space 1501697316 630.831909179688 592.438110351562 1  0
w 1501697317 278.334228515625 297.721893310547 1  0
i 1501697318 936.526000976562 284.536437988281 1  0
t 1501697319 597.283874511719 294.337036132812 1  0
h 1501697320 760.217163085938 390.006317138672 3  0
space 1501697320 627.042846679688 582.934936523438 1  0
y 1501697321 687.656494140625 291.520660400391 1  0
o 1501697322 993.754211425781 293.006958007812 3  0
u 1501697323 790.68359375 299.559295654297 1  0
