space 1501697726 388.871917724609 565.63427734375 0  0
p 1501697727 1117.41333007812 286.3193359375 2  0
r 1501697728 493.409759521484 286.199951171875 1  0
o 1501697728 1033.23876953125 286.556732177734 1  0
y 1501697728 696.530395507812 297.343322753906 3  0
back 1501697729 1177.54724121094 483.088653564453 1  0
t 1501697730 575.932250976562 274.0234375 2  0
e 1501697730 370.810424804688 278.887908935547 2  0
x 1501697731 448.052062988281 505.308197021484 1  0
back 1501697731 1103.16882324219 482.541748046875 1  0
c 1501697732 551.638977050781 504.697296142578 1  0
t 1501697732 605.583190917969 268.354034423828 1  0
space 1501697733 627.127685546875 585.80224609375 1  0
space 1501697733 675.762878417969 620.116271972656 0  0
y 1501697734 695.774353027344 300.672576904297 1  0
p 1501697735 1091.37158203125 304.759704589844 1  0
u 1501697736 840.903625488281 288.973388671875 1  0
back 1501697736 1099.1630859375 473.161468505859 2  0
back 1501697736 1114.56860351562 465.465240478516 1  0
o 1501697737 1008.67456054688 291.805389404297 1  0
u 1501697738 847.378723144531 314.593292236328 2  0
u 1501697738 805.480224609375 295.098236083984 1  0
back 1501697739 1103.09985351562 479.314880371094 1  0
r 1501697739 473.994384765625 283.464141845703 1  0
space 1501697740 631.165710449219 590.3837890625 1  0
e 1501697740 355.780212402344 289.055603027344 1  0
n 1501697741 861.84521484375 492.056304931641 2  0
v 1501697742 638.086303710938 524.809753417969 1  0
i 1501697742 909.216186523438 296.546600341797 2  0
k 1501697742 925.860717773438 347.427307128906 1  0
i 1501697742 920.744262695312 292.348754882812 3  0
back 1501697743 1124.09716796875 474.410308837891 1  0
o 1501697743 1038.77087402344 292.651397705078 1  0
space 1501697743 883.76318359375 560.553771972656 0  0
back 1501697744 1112.76306152344 494.702392578125 1  0
back 1501697744 1099.64709472656 479.589660644531 1  0
back 1501697744 1088.11291503906 474.041259765625 1  0
back 1501697745 1090.42761230469 477.090515136719 1  0
i 1501697746 885.197204589844 288.67333984375 1  0
r 1501697746 481.130523681641 294.591827392578 2  0
o 1501697746 1018.8935546875 297.520751953125 3  0
n 1501697747 843.462890625 512.888244628906 1  0
m 1501697748 978.873413085938 489.201690673828 1  0
e 1501697748 357.210662841797 298.403839111328 1  0
n 1501697749 877.968200683594 500.461273193359 2  0
y 1501697749 671.855285644531 286.254974365234 2  0
back 1501697750 1126.42456054688 503.303100585938 1  0
t 1501697750 599.482482910156 295.536193847656 2  0
