p 1501613095 1135.62609863281 286.621246337891 2  0
p 1501613096 1132.15686035156 286.906219482422 3  0
back 1501613097 1145.84265136719 496.853454589844 2  0
d 1501613098 459.712982177734 346.637237548828 3  0
space 1501613100 796.2099609375 602.113403320312 0  0
back 1501613101 1139.71032714844 481.987762451172 4  0
back 1501613102 1151.87548828125 468.346527099609 1  0
t 1501613104 558.169128417969 316.75634765625 3  0
back 1501613105 1099.77758789062 497.202819824219 2  0
r 1501613106 435.473266601562 271.706512451172 3  0
o 1501613107 1017.70397949219 296.307891845703 1  0
t 1501613108 571.3017578125 283.618072509766 3  0
e 1501613109 353.912017822266 308.606719970703 3  0
x 1501613110 433.938293457031 507.556060791016 1  0
back 1501613111 1080.142578125 510.066375732422 2  0
c 1501613111 555.867431640625 513.81884765625 1  0
t 1501613112 616.58837890625 276.59619140625 3  0
space 1501613112 660.573364257812 635.705017089844 0  0
y 1501613113 716.53076171875 304.607543945312 1  0
o 1501613114 1013.01483154297 303.268249511719 1  0
o 1501613114 1026.88146972656 302.12939453125 2  0
u 1501613114 807.527526855469 287.254516601562 3  0
enter 1501613117 1170.55883789062 585.346313476562 1  0
back 1501613117 1113.87072753906 451.949859619141 1  0
back 1501613118 1140.25573730469 496.285888671875 1  0
back 1501613118 1145.11547851562 489.402191162109 1  0
o 1501613119 1029.70727539062 235.141799926758 0  0
u 1501613120 822.194946289062 237.791015625 0  0
r 1501613123 495.690490722656 312.888366699219 2  0
space 1501613125 676.248046875 620.198303222656 2  0
e 1501613131 402.727752685547 297.483917236328 1  0
n 1501613132 874.646667480469 505.353485107422 2  0
v 1501613132 628.709594726562 522.035522460938 2  0
i 1501613133 896.437927246094 296.403442382812 2  0
r 1501613134 488.765686035156 313.457611083984 1  0
o 1501613135 1029.81628417969 308.460815429688 2  0
b 1501613136 738.803955078125 536.917419433594 2  0
n 1501613136 888.008666992188 507.675598144531 1  0
back 1501613137 1137.93676757812 523.244567871094 2  0
back 1501613138 1127.30676269531 524.623291015625 1  0
n 1501613138 880.474609375 525.348327636719 1  0
n 1501613138 869.759826660156 519.403015136719 1  0
m 1501613139 979.632141113281 513.840393066406 1  0
e 1501613139 360.402618408203 314.137725830078 1  0
b 1501613140 713.966979980469 532.127624511719 1  0
b 1501613140 788.653625488281 532.846618652344 2  0
n 1501613140 848.832397460938 517.701049804688 2  0
enter 1501613141 1134.21948242188 593.733154296875 4  0
back 1501613141 1137.20056152344 518.02294921875 1  0
back 1501613141 1143.83239746094 514.072875976562 1  0
back 1501613142 1150.46606445312 510.121826171875 1  0
back 1501613142 1154.42553710938 509.798553466797 1  0
enter 1501613142 1131.18725585938 576.338256835938 4  0
back 1501613143 1111.48388671875 503.072174072266 1  0
back 1501613143 1117.771484375 499.146240234375 1  0
m 1501613146 976.616394042969 502.143402099609 1  0
s 1501613148 338.126617431641 342.277740478516 1  0
back 1501613149 1110.46826171875 517.137634277344 1  0
w 1501613150 294.886352539062 294.733642578125 3  0
back 1501613151 1121.38061523438 519.484680175781 1  0
r 1501613152 476.009429931641 271.670349121094 1  0
back 1501613152 1126.96484375 515.449951171875 1  0
r 1501613153 443.393035888672 277.653869628906 1  0
back 1501613154 1122.31091308594 522.646118164062 1  0
e 1501613155 328.904113769531 277.177764892578 2  0
n 1501613156 876.590209960938 512.021484375 1  0
t 1501613157 587.551208496094 325.070587158203 1  0
