q 1501613244 131.341461181641 268.243041992188 1  0
u 1501613245 797.765563964844 307.799591064453 1  0
back 1501613246 1109.75817871094 510.035491943359 2  0
e 1501613247 358.654144287109 317.572814941406 2  0
back 1501613249 1134.21899414062 515.198669433594 1  0
u 1501613250 805.117980957031 320.342742919922 1  0
e 1501613251 377.231201171875 306.169036865234 2  0
s 1501613252 317.423980712891 419.351013183594 1  0
t 1501613252 579.066589355469 312.615203857422 1  0
i 1501613253 902.615966796875 305.76171875 1  0
o 1501613254 1006.60858154297 297.219299316406 1  0
n 1501613254 857.894897460938 510.135894775391 1  0
space 1501613256 598.258422851562 609.598022460938 2  0
m 1501613257 978.255554199219 513.952819824219 1  0
u 1501613258 801.230407714844 307.514953613281 1  0
s 1501613259 320.819976806641 403.236663818359 1  0
t 1501613259 581.013732910156 309.165283203125 1  0
back 1501613261 1117.59350585938 505.984832763672 1  0
back 1501613261 1118.2880859375 499.104034423828 2  0
back 1501613262 1121.39379882812 510.449493408203 1  0
back 1501613262 1137.57543945312 509.128234863281 1  0
back 1501613262 1138.83605957031 512.09423828125 1  0
space 1501613264 450.435607910156 604.6796875 1  0
t 1501613264 600.230895996094 320.741638183594 1  0
h 1501613265 723.607971191406 421.988067626953 1  0
a 1501613266 198.993377685547 437.315368652344 1  0
t 1501613267 573.49072265625 329.511932373047 1  0
space 1501613268 575.247253417969 594.499633789062 2  0
n 1501613269 852.097106933594 537.889831542969 1  0
back 1501613270 1098.28356933594 520.858947753906 2  0
n 1501613270 889.746826171875 534.816162109375 2  0
back 1501613271 1085.83532714844 525.623352050781 2  0
m 1501613271 994.402770996094 529.6796875 1  0
u 1501613272 806.110900878906 297.245758056641 1  0
s 1501613273 324.018432617188 409.000854492188 1  0
t 1501613275 560.955322265625 294.353973388672 1  0
c 1501613275 557.957580566406 539.585693359375 2  0
space 1501613276 589.00244140625 610.352600097656 1  0
enter 1501613277 1028.32800292969 580.308837890625 4  0
enter 1501613277 1124.98168945312 636.130249023438 1  0
back 1501613279 1080.49645996094 512.4248046875 2  0
back 1501613279 1091.05041503906 489.550354003906 1  0
back 1501613279 1113.58642578125 494.197296142578 1  0
space 1501613282 631.782287597656 596.681396484375 2  0
b 1501613284 741.256896972656 501.909973144531 1  0
e 1501613285 358.742645263672 301.101867675781 1  0
space 1501613285 528.2431640625 601.729553222656 3  0
a 1501613286 178.139221191406 395.128723144531 1  0
n 1501613287 872.751770019531 507.556701660156 1  0
s 1501613289 325.757537841797 405.586883544922 1  0
w 1501613290 299.119506835938 325.757629394531 2  0
e 1501613291 352.441162109375 314.792358398438 1  0
r 1501613292 476.486633300781 294.711975097656 1  0
e 1501613293 377.997589111328 322.563049316406 1  0
e 1501613293 404.391235351562 307.228515625 1  0
back 1501613294 1133.91088867188 492.537017822266 1  0
d 1501613295 428.507446289062 410.242309570312 1  0
