t 1501612814 540.419799804688 319.080474853516 1  0
i 1501612815 891.718383789062 313.230285644531 1  0
m 1501612816 964.2763671875 525.323547363281 2  0
e 1501612818 339.651733398438 316.017272949219 1  0
space 1501612819 608.390686035156 646.048950195312 1  0
t 1501612820 597.421142578125 311.106689453125 1  0
o 1501612821 1055.96850585938 312.883270263672 3  0
space 1501612821 717.443481445312 631.072570800781 1  0
g 1501612822 622.89404296875 404.112213134766 1  0
o 1501612823 1012.92407226562 306.562225341797 3  0
space 1501612823 692.778625488281 612.070007324219 2  0
s 1501612824 289.199462890625 415.471160888672 1  0
h 1501612825 717.281311035156 429.032135009766 1  0
o 1501612827 1007.73193359375 300.414886474609 1  0
p 1501612828 1121.72277832031 310.769195556641 1  0
p 1501612829 1103.52551269531 312.263092041016 2  0
i 1501612829 935.033996582031 318.318389892578 2  0
i 1501612829 896.880065917969 299.656463623047 1  0
back 1501612832 1146.19250488281 541.127502441406 2  0
n 1501612833 840.577758789062 528.606384277344 2  0
g 1501612833 627.287231445312 410.288055419922 1  0
