y 1501612741 649.677001953125 287.058227539062 3  0
back 1501612743 1079.54516601562 502.268432617188 1  0
t 1501612744 574.444030761719 277.980621337891 3  0
h 1501612746 794.323059082031 409.665466308594 1  0
r 1501612747 474.142852783203 304.785491943359 2  0
back 1501612751 1179.23706054688 500.950927734375 0  0
e 1501612753 358.8134765625 287.911804199219 1  0
space 1501612754 667.320922851562 590.386901855469 1  0
p 1501612755 1139.6201171875 269.837738037109 3  0
r 1501612756 495.319152832031 263.479766845703 2  0
i 1501612757 916.90625 258.489013671875 2  0
c 1501612758 502.935302734375 482.410552978516 2  0
r 1501612759 426.722106933594 321.327911376953 3  0
back 1501612760 1113.73681640625 482.401763916016 1  0
r 1501612761 464.885162353516 275.885284423828 2  0
back 1501612764 1139.90649414062 493.924926757812 2  0
e 1501612765 357.615753173828 317.658203125 1  0
space 1501612766 640.600524902344 606.14599609375 1  0
o 1501612767 1045.5546875 284.151092529297 1  0
f 1501612767 528.734436035156 405.293579101562 1  0
space 1501612768 607.22705078125 624.297424316406 0  0
g 1501612769 629.328979492188 400.315521240234 1  0
a 1501612769 194.672576904297 416.339508056641 1  0
s 1501612770 288.454742431641 421.726470947266 1  0
space 1501612771 667.799133300781 593.744262695312 1  0
i 1501612772 938.776184082031 256.690277099609 1  0
s 1501612773 313.60498046875 426.199981689453 2  0
space 1501612774 589.056884765625 603.560546875 2  0
h 1501612774 755.618835449219 396.501037597656 2  0
i 1501612775 934.382690429688 280.119995117188 1  0
g 1501612775 647.664184570312 433.532379150391 1  0
h 1501612776 778.657287597656 417.478485107422 1  0
