c 1501613166 515.877380371094 494.356719970703 1  0
o 1501613167 1004.80426025391 280.9169921875 3  0
m 1501613168 968.27001953125 512.551086425781 3  0
p 1501613169 1158.12170410156 307.781097412109 1  0
a 1501613170 151.916000366211 437.565002441406 1  0
n 1501613171 845.821899414062 512.828735351562 3  0
n 1501613172 847.642700195312 515.921813964844 2  0
back 1501613173 1092.76867675781 512.104797363281 2  0
i 1501613173 892.912475585938 306.558807373047 1  0
e 1501613176 390.541259765625 308.367431640625 1  0
s 1501613176 321.867065429688 428.789520263672 1  0
space 1501613177 512.09228515625 609.836303710938 2  0
shift 1501613178 179.244293212891 467.096649169922 1  0
shift 1501613179 184.38346862793 521.471740722656 1  0
a 1501613180 208.627166748047 364.150939941406 1  0
n 1501613181 875.81298828125 500.648284912109 1  0
n 1501613182 870.132751464844 501.112457275391 1  0
o 1501613182 1006.58160400391 323.504364013672 1  0
o 1501613182 1024.9638671875 308.859283447266 2  0
back 1501613183 1115.09460449219 509.599761962891 1  0
u 1501613184 801.711181640625 300.897369384766 2  0
n 1501613185 856.22607421875 527.328552246094 1  0
c 1501613186 513.808715820312 526.988037109375 1  0
r 1501613187 434.811828613281 311.311340332031 2  0
back 1501613188 1092.35119628906 508.89892578125 2  0
e 1501613192 341.481781005859 306.509094238281 1  0
space 1501613194 659.974365234375 604.566528320312 2  0
a 1501613197 204.312957763672 399.013549804688 1  0
space 1501613198 513.769165039062 616.486022949219 2  0
m 1501613199 961.180297851562 525.576354980469 2  0
e 1501613200 352.441162109375 314.792358398438 1  0
e 1501613201 395.301513671875 321.140594482422 1  0
r 1501613201 450.683013916016 316.588104248047 1  0
back 1501613202 1115.73266601562 513.469116210938 1  0
back 1501613202 1126.71264648438 502.852020263672 1  0
r 1501613203 457.346618652344 306.166564941406 3  0
g 1501613204 630.624267578125 429.605224609375 1  0
e 1501613205 372.845245361328 316.406066894531 2  0
r 1501613205 488.137512207031 306.927032470703 1  0
