t 1501612471 608.395446777344 282.475250244141 3  0
h 1501612471 754.035766601562 378.382385253906 1  0
h 1501612472 765.51953125 374.339477539062 1  0
back 1501612473 1124.419921875 481.52880859375 2  0
e 1501612474 393.286590576172 327.19189453125 3  0
e 1501612474 395.574584960938 323.888122558594 3  0
back 1501612475 1112.09326171875 492.782836914062 3  0
space 1501612476 814.5185546875 573.964233398438 1  0
p 1501612477 1171.96826171875 296.787994384766 3  0
o 1501612477 1056.54211425781 293.117553710938 3  0
w 1501612479 302.842864990234 249.592529296875 2  0
e 1501612480 343.521606445312 299.058990478516 2  0
m 1501612481 948.266296386719 464.466430664062 1  0
back 1501612483 1122.67590332031 502.158142089844 2  0
r 1501612483 502.721466064453 249.484512329102 3  0
space 1501612484 782.948486328125 610.486328125 0  0
o 1501612485 1014.33605957031 286.716186523438 1  0
o 1501612486 1006.78881835938 290.626495361328 1  0
back 1501612487 1057.5322265625 506.625427246094 1  0
enter 1501612487 1139.02587890625 593.341613769531 1  0
v 1501612487 612.329162597656 479.793609619141 4  0
back 1501612488 1138.63061523438 483.7841796875 2  0
back 1501612489 1155.99951171875 484.243835449219 1  0
o 1501612491 1073.57934570312 278.557037353516 3  0
f 1501612492 538.129699707031 397.982727050781 1  0
space 1501612493 727.111938476562 578.714599609375 1  0
d 1501612498 406.216918945312 392.441070556641 1  0
e 1501612498 394.06982421875 284.142944335938 1  0
n 1501612499 869.784057617188 488.670135498047 1  0
i 1501612500 922.161437988281 284.416900634766 3  0
a 1501612502 192.077941894531 387.086853027344 1  0
l 1501612503 1073.23291015625 383.545440673828 1  0
