t 1501612879 570.541198730469 316.605072021484 1  0
f 1501612879 544.440673828125 404.005798339844 1  0
enter 1501612881 1106.63500976562 580.715393066406 4  0
enter 1501612881 1125.01611328125 581.592956542969 4  0
back 1501612882 1065.17846679688 513.675598144531 1  0
back 1501612882 1074.30029296875 512.930786132812 1  0
n 1501612883 882.333129882812 493.624969482422 1  0
h 1501612884 727.980407714844 418.365936279297 1  0
back 1501612884 1083.00012207031 536.072265625 1  0
enter 1501612885 1133.60656738281 571.727294921875 4  0
back 1501612885 1072.50024414062 523.304504394531 1  0
h 1501612886 738.109375 411.005767822266 1  0
e 1501612888 365.038909912109 320.33837890625 3  0
space 1501612889 414.760192871094 621.165771484375 1  0
s 1501612889 297.886352539062 412.0048828125 3  0
r 1501612891 460.348297119141 299.333557128906 1  0
back 1501612892 1178.71875 498.604827880859 1  0
e 1501612898 345.156188964844 318.682586669922 2  0
c 1501612900 516.008117675781 530.050537109375 1  0
o 1501612901 1006.8515625 313.631622314453 1  0
n 1501612902 844.245788574219 524.897277832031 1  0
d 1501612903 375.373779296875 414.599182128906 1  0
space 1501612904 661.553100585938 601.043884277344 1  0
l 1501612906 1072.01342773438 413.030822753906 2  0
a 1501612906 198.212219238281 420.180053710938 1  0
r 1501612907 466.751007080078 318.557159423828 1  0
g 1501612908 614.803161621094 427.638153076172 3  0
e 1501612909 361.389221191406 313.536895751953 3  0
s 1501612910 316.105194091797 413.264526367188 2  0
t 1501612911 560.061279296875 310.887481689453 1  0
space 1501612912 566.084716796875 605.433715820312 1  0
c 1501612914 520.683654785156 526.426208496094 1  0
o 1501612915 1009.54833984375 303.552947998047 3  0
u 1501612916 779.056457519531 309.336730957031 1  0
space 1501612916 733.28271484375 576.171813964844 0  0
n 1501612916 828.885192871094 529.561218261719 2  0
back 1501612918 1096.84814453125 511.089630126953 2  0
enter 1501612918 1123.61791992188 572.201904296875 4  0
back 1501612919 1085.14184570312 505.223510742188 2  0
back 1501612919 1074.73266601562 516.30517578125 1  0
u 1501612922 809.861633300781 316.667358398438 1  0
b 1501612922 742.088623046875 485.775573730469 0  0
back 1501612923 1071.46789550781 523.388793945312 2  0
n 1501612924 836.249389648438 526.5732421875 2  0
t 1501612926 581.624084472656 328.843780517578 1  0
r 1501612927 449.24267578125 323.285186767578 2  0
y 1501612928 665.691955566406 325.223663330078 1  0
