w 1501612841 264.624053955078 316.122924804688 2  0
w 1501612842 255.239273071289 299.730621337891 2  0
back 1501612843 1092.2001953125 490.993286132812 3  0
i 1501612844 924.103881835938 303.996612548828 1  0
i 1501612844 909.705810546875 298.602722167969 2  0
t 1501612844 562.393188476562 304.113891601562 3  0
back 1501612845 1074.220703125 523.1640625 1  0
back 1501612845 1084.45910644531 525.735717773438 1  0
t 1501612846 566.600219726562 313.639801025391 3  0
h 1501612847 765.587585449219 425.075622558594 2  0
space 1501612848 612.858581542969 605.014099121094 1  0
space 1501612848 591.120910644531 623.745666503906 1  0
e 1501612851 352.349761962891 265.343292236328 2  0
a 1501612853 195.018585205078 422.851135253906 1  0
c 1501612853 501.988037109375 540.91845703125 1  0
c 1501612854 518.621276855469 526.5947265625 1  0
h 1501612854 737.1865234375 414.346862792969 3  0
back 1501612855 1092.65686035156 528.813903808594 2  0
back 1501612855 1087.03833007812 518.709533691406 2  0
h 1501612856 724.529052734375 418.648712158203 1  0
space 1501612857 718.627258300781 640.455871582031 1  0
s 1501612858 287.800354003906 422.124176025391 2  0
t 1501612858 550.515563964844 328.113403320312 1  0
e 1501612859 365.038909912109 320.33837890625 3  0
p 1501612861 1169.77905273438 300.253967285156 3  0
space 1501612861 668.806335449219 627.582458496094 1  0
f 1501612862 520.307739257812 419.056365966797 1  0
o 1501612863 1018.29675292969 306.121032714844 3  0
r 1501612864 481.841064453125 314.026824951172 2  0
e 1501612864 319.30224609375 304.692779541016 2  0
back 1501612866 1081.35705566406 512.354553222656 1  0
w 1501612867 247.238616943359 323.442596435547 1  0
w 1501612867 243.803146362305 307.261932373047 1  0
enter 1501612868 1090.21813964844 573.905700683594 4  0
back 1501612869 1067.43371582031 533.937622070312 1  0
a 1501612872 186.22834777832 426.840789794922 3  0
r 1501612873 487.521728515625 316.849884033203 1  0
d 1501612874 412.391632080078 421.368591308594 1  0
