i 1501612445 928.118408203125 293.280914306641 1  0
space 1501612447 650.647521972656 595.142944335938 1  0
a 1501612448 200.662612915039 394.14208984375 1  0
g 1501612449 668.934814453125 415.127105712891 1  0
r 1501612450 492.340026855469 281.611419677734 1  0
e 1501612451 384.329528808594 288.068481445312 1  0
e 1501612451 376.447998046875 287.849273681641 1  0
space 1501612452 624.516967773438 604.063598632812 2  0
w 1501612453 280.504760742188 292.446441650391 1  0
i 1501612454 922.437622070312 300.67236328125 1  0
t 1501612455 575.005065917969 293.371948242188 1  0
h 1501612456 780.469604492188 398.248840332031 1  0
space 1501612456 703.821716308594 590.806701660156 3  0
y 1501612458 713.243347167969 267.43017578125 2  0
o 1501612459 1047.79541015625 286.045227050781 1  0
u 1501612460 805.824157714844 257.035919189453 1  0
