t 1501613049 580.059631347656 302.661529541016 1  0
h 1501613050 768.474670410156 418.312622070312 2  0
i 1501613050 905.309753417969 308.827545166016 1  0
s 1501613051 278.100769042969 425.843414306641 2  0
space 1501613051 562.651062011719 625.726867675781 1  0
p 1501613052 1160.39111328125 291.164276123047 2  0
e 1501613053 403.284393310547 317.194213867188 2  0
r 1501613053 502.615509033203 312.319091796875 1  0
z 1501613054 286.605621337891 464.306488037109 1  0
enter 1501613055 1169.55053710938 632.503540039062 1  0
back 1501613056 1177.36584472656 499.056549072266 0  0
back 1501613056 1151.41796875 490.253295898438 0  0
r 1501613060 515.151428222656 304.706024169922 2  0
s 1501613061 339.560394287109 404.454650878906 2  0
o 1501613062 1028.61486816406 301.987030029297 2  0
n 1501613063 844.646179199219 511.218292236328 1  0
space 1501613064 625.357055664062 624.345275878906 1  0
i 1501613065 903.560913085938 302.396148681641 1  0
z 1501613066 298.818267822266 474.965698242188 1  0
back 1501613067 1068.37109375 523.6416015625 1  0
d 1501613068 402.730590820312 402.889190673828 2  0
back 1501613069 1110.1064453125 503.184661865234 2  0
s 1501613070 321.631469726562 358.324005126953 3  0
space 1501613071 577.588745117188 656.001098632812 1  0
a 1501613072 201.825622558594 385.424163818359 1  0
space 1501613072 554.184997558594 642.0009765625 1  0
d 1501613075 429.146606445312 416.727355957031 1  0
i 1501613076 887.6748046875 293.833435058594 1  0
b 1501613076 759.866149902344 498.680450439453 0  0
back 1501613077 1105.79602050781 517.178161621094 2  0
z 1501613078 270.163818359375 459.820251464844 1  0
back 1501613080 1085.31750488281 518.849975585938 1  0
d 1501613081 370.218017578125 411.752502441406 2  0
back 1501613083 1097.87854003906 524.640380859375 1  0
s 1501613083 345.701568603516 399.817626953125 3  0
a 1501613085 193.523345947266 351.565948486328 1  0
s 1501613087 274.858489990234 413.032958984375 1  0
t 1501613088 571.21875 290.215667724609 1  0
e 1501613088 393.700653076172 301.520843505859 2  0
r 1501613089 493.744079589844 299.880859375 3  0
