a 1501612783 182.416458129883 394.432830810547 1  0
space 1501612784 592.032653808594 616.890014648438 2  0
p 1501612785 1139.78466796875 302.716766357422 1  0
r 1501612786 509.298065185547 301.894866943359 1  0
o 1501612787 1014.50091552734 293.282257080078 1  0
b 1501612788 727.944763183594 515.974792480469 2  0
l 1501612788 1094.76391601562 401.378967285156 1  0
r 1501612789 440.032135009766 307.590240478516 1  0
back 1501612790 1124.03894042969 515.688842773438 2  0
e 1501612791 323.567718505859 310.582275390625 3  0
m 1501612792 992.510925292969 529.834167480469 2  0
space 1501612793 765.453796386719 619.708251953125 1  0
w 1501612795 242.804275512695 317.743988037109 1  0
o 1501612796 983.290405273438 308.995819091797 3  0
back 1501612797 1123.95642089844 512.286254882812 2  0
i 1501612797 887.444519042969 303.720123291016 1  0
t 1501612798 620.059631347656 312.535614013672 1  0
h 1501612799 749.908752441406 406.772521972656 3  0
space 1501612799 686.667358398438 592.205627441406 1  0
t 1501612800 614.079833984375 319.603729248047 1  0
h 1501612801 742.821960449219 417.150024414062 3  0
e 1501612802 334.773651123047 319.536193847656 3  0
space 1501612803 584.058410644531 607.3623046875 1  0
e 1501612804 327.852233886719 320.105255126953 2  0
n 1501612804 850.493469238281 531.205505371094 2  0
g 1501612805 618.000793457031 420.847595214844 2  0
i 1501612806 902.236450195312 292.636871337891 1  0
n 1501612807 867.86767578125 519.557556152344 2  0
e 1501612808 373.729858398438 313.041900634766 3  0
