p 1501612956 1111.77258300781 308.301727294922 1  0
l 1501612956 1067.48266601562 426.442993164062 1  0
l 1501612956 1091.99584960938 424.436645507812 2  0
e 1501612957 337.180816650391 322.628601074219 2  0
enter 1501612958 1119.86437988281 572.847473144531 4  0
back 1501612958 1071.37939453125 519.987854003906 1  0
back 1501612959 1061.7509765625 527.589233398438 1  0
e 1501612959 345.518432617188 315.361602783203 2  0
a 1501612960 175.366714477539 424.462860107422 1  0
s 1501612961 297.388641357422 430.796203613281 2  0
e 1501612961 381.539184570312 309.107696533203 2  0
space 1501612962 474.590026855469 606.105285644531 1  0
f 1501612963 521.551086425781 415.687561035156 1  0
o 1501612963 1016.73693847656 306.249114990234 1  0
l 1501612964 1067.33032226562 419.936309814453 1  0
l 1501612964 1060.92333984375 426.979858398438 1  0
o 1501612965 994.981201171875 317.890380859375 1  0
w 1501612966 296.380004882812 322.865966796875 1  0
space 1501612966 508.557556152344 630.474243164062 1  0
t 1501612967 556.944580078125 311.143676757812 1  0
h 1501612967 736.668762207031 414.389282226562 2  0
s 1501612968 320.164733886719 345.655548095703 3  0
space 1501612968 541.65478515625 648.099731445312 1  0
back 1501612969 1125.79833984375 481.416168212891 2  0
back 1501612970 1095.30065917969 490.739990234375 1  0
s 1501612970 347.827301025391 343.382751464844 3  0
space 1501612971 825.226257324219 620.26025390625 0  0
back 1501612971 1081.95556640625 502.071563720703 1  0
enter 1501612973 1119.80078125 576.587341308594 4  0
back 1501612973 1164.26635742188 532.845703125 4  0
back 1501612974 1095.4716796875 504.3798828125 1  0
h 1501612975 716.705993652344 412.759582519531 1  0
r 1501612978 441.297912597656 300.900238037109 2  0
enter 1501612979 1160.52502441406 566.476318359375 4  0
back 1501612980 1149.80725097656 505.912628173828 0  0
e 1501612981 382.475860595703 269.467102050781 2  0
space 1501612983 688.852172851562 625.949279785156 1  0
g 1501612983 645.114074707031 405.559112548828 3  0
u 1501612984 769.638977050781 313.398040771484 1  0
i 1501612984 902.530639648438 289.841552734375 2  0
d 1501612985 459.191070556641 430.596313476562 3  0
e 1501612986 391.558654785156 311.575958251953 1  0
l 1501612987 1053.11218261719 411.316314697266 1  0
i 1501612987 924.63525390625 310.526824951172 2  0
n 1501612988 837.307312011719 518.642517089844 2  0
r 1501612989 430.015960693359 305.121368408203 3  0
enter 1501612990 1146.39428710938 571.70361328125 4  0
back 1501612991 1074.21203613281 509.527435302734 1  0
e 1501612992 346.259613037109 305.422698974609 2  0
s 1501612992 307.386566162109 429.976593017578 1  0
