t 1501612999 579.759216308594 312.558288574219 1  0
h 1501613000 763.407287597656 421.991333007812 3  0
e 1501613000 362.533905029297 304.084197998047 3  0
space 1501613001 485.453552246094 628.967651367188 1  0
l 1501613002 1067.12182617188 403.642791748047 1  0
i 1501613002 907.026977539062 302.111389160156 2  0
b 1501613003 730.879272460938 525.630554199219 1  0
r 1501613008 456.193328857422 319.424957275391 1  0
a 1501613009 189.553207397461 414.005004882812 3  0
r 1501613010 468.971130371094 321.663726806641 1  0
y 1501613011 665.743957519531 321.933197021484 1  0
space 1501613011 606.803894042969 591.92578125 1  0
i 1501613015 899.306518554688 299.457122802734 1  0
s 1501613015 309.286804199219 421.394439697266 3  0
space 1501613016 505.509887695312 623.942565917969 1  0
c 1501613018 492.089324951172 535.246520996094 1  0
c 1501613018 516.97265625 520.24267578125 1  0
l 1501613018 1068.55944824219 413.313629150391 2  0
back 1501613019 1080.7255859375 535.747192382812 2  0
o 1501613019 1004.86224365234 310.509948730469 1  0
s 1501613020 307.206390380859 414.682800292969 2  0
r 1501613020 425.662048339844 308.771820068359 3  0
back 1501613021 1082.98864746094 501.987182617188 2  0
back 1501613024 1143.07995605469 538.8291015625 1  0
back 1501613025 1160.80493164062 497.679168701172 0  0
back 1501613025 1154.576171875 495.457458496094 0  0
l 1501613026 1079.78503417969 412.39453125 2  0
o 1501613027 1000.88226318359 304.264678955078 1  0
s 1501613028 318.838562011719 419.5791015625 2  0
r 1501613029 426.181488037109 308.729095458984 2  0
d 1501613029 447.866577148438 424.993835449219 1  0
back 1501613030 1074.54467773438 518.366027832031 2  0
m 1501613030 1012.71124267578 524.777465820312 3  0
back 1501613031 1088.32836914062 515.195129394531 1  0
back 1501613031 1122.32470703125 509.009368896484 2  0
back 1501613032 1091.85681152344 525.131896972656 1  0
s 1501613034 354.123596191406 410.835052490234 2  0
e 1501613034 394.501281738281 311.333984375 3  0
d 1501613036 418.075653076172 424.341400146484 3  0
space 1501613037 611.427551269531 611.917175292969 1  0
t 1501613038 585.515197753906 295.627960205078 1  0
o 1501613039 1016.64575195312 309.542327880859 1  0
d 1501613040 382.882171630859 427.054229736328 2  0
a 1501613041 173.214385986328 422.230346679688 1  0
y 1501613042 673.279052734375 304.8720703125 1  0
