a 1501612597 189.71891784668 369.849273681641 0  0
l 1501612598 1122.333984375 379.522064208984 2  0
l 1501612599 1105.33203125 393.983612060547 2  0
space 1501612599 762.901062011719 606.354797363281 1  0
w 1501612603 221.086196899414 307.049865722656 3  0
o 1501612604 1040.96557617188 281.236999511719 1  0
r 1501612607 497.1103515625 276.705963134766 2  0
k 1501612608 995.209289550781 367.046539306641 1  0
space 1501612609 670.702941894531 610.4775390625 1  0
a 1501612610 213.996231079102 391.8408203125 1  0
n 1501612611 874.586059570312 508.772216796875 2  0
d 1501612615 425.696746826172 417.010192871094 1  0
space 1501612616 591.70263671875 657.5576171875 1  0
n 1501612618 870.037536621094 458.538970947266 1  0
o 1501612619 998.30712890625 271.571929931641 1  0
o 1501612619 994.836975097656 271.857177734375 1  0
back 1501612620 1115.4599609375 482.260986328125 2  0
space 1501612621 698.017028808594 574.289184570312 1  0
p 1501612622 1117.7919921875 281.506591796875 1  0
l 1501612629 1066.69567871094 366.352813720703 2  0
a 1501612633 160.896408081055 432.186096191406 1  0
y 1501612634 724.677917480469 284.185363769531 1  0
