t 1501612646 584.429626464844 272.646240234375 1  0
h 1501612647 767.818115234375 398.769775390625 2  0
e 1501612648 406.757263183594 290.561187744141 3  0
space 1501612650 722.341857910156 600.839538574219 0  0
s 1501612651 338.993835449219 378.304016113281 2  0
u 1501612652 785.966186523438 292.319152832031 1  0
enter 1501612654 1059.30346679688 643.164672851562 1  0
back 1501612658 1129.25744628906 460.446685791016 1  0
u 1501612661 843.183715820312 271.145782470703 1  0
m 1501612662 989.983276367188 495.9296875 1  0
space 1501612663 798.210754394531 593.296752929688 1  0
o 1501612664 1012.75891113281 300.001983642578 1  0
f 1501612665 540.411865234375 394.524261474609 1  0
space 1501612665 598.429809570312 609.584045410156 1  0
t 1501612666 622.136352539062 276.139831542969 2  0
h 1501612666 739.700500488281 429.084442138672 1  0
r 1501612667 453.477325439453 293.3095703125 2  0
space 1501612668 592.676696777344 621.923828125 1  0
back 1501612669 1129.75305175781 487.925262451172 2  0
back 1501612669 1113.12670898438 492.698394775391 1  0
e 1501612670 368.871887207031 301.135681152344 3  0
space 1501612670 619.624084472656 614.641052246094 1  0
p 1501612671 1115.08740234375 285.018890380859 1  0
a 1501612672 206.073883056641 402.487670898438 2  0
r 1501612672 471.718627929688 304.984832763672 1  0
t 1501612672 614.542358398438 286.652770996094 1  0
s 1501612673 324.018432617188 409.000854492188 1  0
