h 1501612562 783.469055175781 400.754974365234 2  0
a 1501612563 237.809310913086 393.162048339844 3  0
v 1501612563 660.697570800781 502.344909667969 2  0
e 1501612565 369.341461181641 260.46728515625 2  0
space 1501612566 598.686157226562 599.380310058594 3  0
a 1501612566 242.128387451172 389.531768798828 3  0
space 1501612567 641.386169433594 595.898193359375 2  0
g 1501612567 678.924865722656 383.164337158203 3  0
o 1501612568 990.483459472656 305.118743896484 1  0
o 1501612568 989.449462890625 292.051055908203 1  0
d 1501612569 436.177764892578 399.801452636719 2  0
space 1501612569 549.502319335938 599.995727539062 3  0
e 1501612570 375.578247070312 293.126220703125 2  0
e 1501612571 404.851806640625 290.717926025391 2  0
back 1501612571 1126.48767089844 481.35986328125 1  0
back 1501612573 1107.68908691406 517.023620605469 2  0
w 1501612575 292.706726074219 263.300323486328 2  0
s 1501612577 270.131042480469 359.098937988281 3  0
back 1501612578 1133.4521484375 491.037963867188 2  0
e 1501612579 355.868743896484 281.210357666016 2  0
e 1501612580 375.645446777344 271.071929931641 2  0
k 1501612581 975.148803710938 381.776397705078 1  0
e 1501612583 366.955474853516 287.241851806641 3  0
n 1501612584 883.829895019531 501.188507080078 2  0
d 1501612584 438.023406982422 406.192047119141 1  0
