f 1501612682 540.981811523438 429.907318115234 3  0
o 1501612683 1021.27319335938 286.146209716797 1  0
d 1501612685 431.385986328125 351.037261962891 4  0
r 1501612686 492.423004150391 286.116271972656 1  0
back 1501612690 1139.82580566406 490.517303466797 2  0
back 1501612690 1148.79675292969 482.953521728516 3  0
r 1501612691 497.640075683594 256.684295654297 2  0
space 1501612692 661.341125488281 608.187561035156 3  0
j 1501612693 829.508056640625 418.638031005859 0  0
y 1501612694 721.273071289062 251.485702514648 3  0
back 1501612695 1149.1171875 468.571990966797 2  0
back 1501612695 1138.15246582031 472.716461181641 2  0
y 1501612697 708.427429199219 291.935180664062 3  0
o 1501612698 1020.95629882812 266.415435791016 3  0
i 1501612698 883.737487792969 254.620208740234 1  0
back 1501612700 1141.21850585938 478.960113525391 2  0
u 1501612701 792.693115234375 297.482543945312 3  0
r 1501612702 447.395080566406 266.729461669922 1  0
space 1501612703 767.719299316406 580.5 0  0
i 1501612704 920.75 305.656280517578 1  0
n 1501612705 859.525695800781 453.232482910156 1  0
f 1501612707 555.657409667969 388.279144287109 3  0
o 1501612708 1035.46838378906 298.136688232422 3  0
r 1501612710 488.086486816406 268.244750976562 1  0
r 1501612710 482.442016601562 274.96142578125 1  0
r 1501612710 489.236358642578 278.395385742188 1  0
back 1501612714 1148.82995605469 488.074310302734 2  0
back 1501612715 1164.08288574219 502.188446044922 2  0
m 1501612717 990.3955078125 505.455017089844 1  0
a 1501612721 191.897888183594 360.860412597656 1  0
y 1501612722 654.178466796875 321.326568603516 1  0
back 1501612726 1109.99914550781 488.002197265625 2  0
t 1501612727 630.237060546875 278.770416259766 2  0
i 1501612728 920.266479492188 291.1552734375 1  0
o 1501612729 1036.88244628906 284.863647460938 1  0
n 1501612729 840.439208984375 484.060577392578 2  0
space 1501612730 741.594177246094 611.482727050781 1  0
o 1501612731 1019.53887939453 286.288696289062 1  0
n 1501612731 858.992126464844 492.286437988281 2  0
l 1501612734 1050.18029785156 375.626617431641 2  0
y 1501612735 718.148559570312 271.539367675781 1  0
