s 1501612935 297.548217773438 415.474884033203 1  0
t 1501612936 597.63427734375 320.954986572266 3  0
a 1501612936 166.725784301758 405.544219970703 2  0
b 1501612937 731.19775390625 540.946472167969 2  0
i 1501612938 905.656311035156 308.799072265625 3  0
l 1501612939 1076.70690917969 428.946624755859 2  0
i 1501612940 896.819946289062 309.524871826172 3  0
t 1501612940 592.051208496094 324.700866699219 1  0
y 1501612941 676.131286621094 321.079864501953 1  0
space 1501612941 658.98095703125 601.253601074219 1  0
o 1501612942 997.931030273438 311.0791015625 1  0
f 1501612943 492.815765380859 427.8408203125 1  0
space 1501612944 506.331207275391 630.655639648438 1  0
t 1501612944 562.710327148438 320.536895751953 1  0
h 1501612945 713.427978515625 422.822021484375 3  0
e 1501612946 335.653869628906 316.172698974609 3  0
space 1501612946 513.047119140625 623.328186035156 2  0
n 1501612947 839.602478027344 525.276489257812 2  0
a 1501612948 179.876068115234 411.355072021484 2  0
t 1501612948 548.248291015625 315.148101806641 1  0
i 1501612949 876.421081542969 324.340972900391 1  0
o 1501612949 1029.22387695312 282.894805908203 2  0
n 1501612950 868.615600585938 516.085083007812 2  0
