t 1501613211 561.48681640625 307.479736328125 1  0
i 1501613211 903.939819335938 315.512298583984 1  0
c 1501613212 523.849243164062 519.680603027344 2  0
k 1501613213 947.352905273438 416.714294433594 1  0
e 1501613213 355.902587890625 314.507751464844 1  0
t 1501613214 590.407592773438 318.260925292969 1  0
s 1501613215 321.522338867188 428.817779541016 1  0
space 1501613215 502.975219726562 583.402954101562 2  0
shift 1501613217 181.913208007812 461.215454101562 1  0
shift 1501613218 198.805923461914 499.082122802734 1  0
a 1501613219 226.797332763672 377.852752685547 1  0
r 1501613220 492.855194091797 319.700744628906 1  0
s 1501613220 295.962738037109 347.64404296875 3  0
back 1501613221 1127.60705566406 496.294982910156 1  0
e 1501613222 320.393493652344 305.123138427734 3  0
space 1501613223 514.241394042969 592.681091308594 1  0
space 1501613223 536.986633300781 601.016479492188 1  0
v 1501613223 640.341369628906 516.647277832031 1  0
e 1501613224 333.161956787109 293.319488525391 1  0
r 1501613225 478.112640380859 324.200927734375 1  0
y 1501613225 682.417724609375 317.276458740234 1  0
space 1501613225 517.098205566406 572.045837402344 1  0
e 1501613226 324.564605712891 320.375549316406 3  0
x 1501613227 444.676239013672 526.8349609375 1  0
p 1501613228 1132.71105957031 313.15087890625 1  0
e 1501613229 414.456939697266 303.107635498047 2  0
n 1501613230 847.68505859375 534.842834472656 2  0
s 1501613231 272.756530761719 426.281616210938 1  0
i 1501613232 935.031066894531 309.673034667969 1  0
v 1501613232 647.464904785156 522.55078125 1  0
e 1501613233 391.947631835938 304.958770751953 2  0
