c 1501612510 533.33251953125 522.832214355469 1  0
a 1501612515 188.120986938477 374.469696044922 2  0
l 1501612516 1074.71325683594 380.155395507812 1  0
l 1501612517 1078.17114257812 379.872039794922 1  0
space 1501612518 724.165954589844 609.681335449219 0  0
f 1501612519 557.674926757812 363.459564208984 1  0
f 1501612519 559.861511230469 357.066864013672 1  0
back 1501612523 1077.49328613281 529.710876464844 3  0
o 1501612526 1031.70397949219 272.120635986328 3  0
r 1501612527 511.445861816406 295.131317138672 2  0
space 1501612535 566.455749511719 603.875854492188 1  0
m 1501612537 964.419311523438 475.462982177734 1  0
o 1501612537 1014.17114257812 280.147216796875 2  0
r 1501612538 505.590148925781 292.318328857422 3  0
e 1501612539 396.949432373047 281.475738525391 2  0
space 1501612540 509.062042236328 580.185791015625 0  0
g 1501612540 601.049499511719 425.501068115234 1  0
f 1501612540 486.61328125 392.392211914062 3  0
back 1501612541 1182.01330566406 493.899169921875 2  0
back 1501612542 1153.98022460938 475.695831298828 2  0
d 1501612543 431.370910644531 396.923645019531 1  0
r 1501612544 428.687286376953 275.564849853516 1  0
back 1501612545 1148.29272460938 476.160614013672 2  0
e 1501612545 399.206726074219 254.877944946289 2  0
y 1501612546 678.416381835938 319.335296630859 1  0
back 1501612548 1113.21997070312 482.444000244141 2  0
t 1501612549 566.795471191406 283.988739013672 1  0
s 1501612550 290.076507568359 398.696380615234 1  0
back 1501612551 1118.2880859375 499.104034423828 2  0
a 1501612552 187.21418762207 379.031951904297 0  0
i 1501612553 918.87939453125 291.269256591797 1  0
l 1501612554 1086.24853515625 392.280853271484 1  0
s 1501612555 350.56982421875 410.093841552734 2  0
