t 1501618448 585.485900878906 272.73291015625 1  0
i 1501618449 898.084167480469 263.334503173828 1  0
m 1501618450 979.542236328125 508.389099121094 1  0
e 1501618450 383.271362304688 289.717224121094 1  0
space 1501618451 656.857727050781 617.710266113281 1  0
t 1501618452 604.894714355469 278.599365234375 1  0
o 1501618452 1040.00720214844 264.329010009766 1  0
space 1501618453 683.114501953125 606.412658691406 1  0
g 1501618453 650.543395996094 388.764099121094 1  0
o 1501618454 1029.99291992188 259.080963134766 1  0
space 1501618455 664.296691894531 600.820190429688 1  0
s 1501618455 313.916473388672 390.191314697266 1  0
h 1501618456 736.39599609375 391.537719726562 1  0
o 1501618457 1029.08947753906 278.921234130859 1  0
p 1501618457 1133.19848632812 270.365478515625 1  0
p 1501618457 1137.98937988281 266.678436279297 1  0
i 1501618458 916.185546875 288.199768066406 1  0
n 1501618459 858.032897949219 524.1123046875 3  0
g 1501618459 665.34619140625 390.82177734375 1  0
