t 1501618514 611.024780273438 276.88037109375 1  0
h 1501618514 739.39990234375 378.204559326172 1  0
e 1501618515 368.533386230469 283.814117431641 2  0
space 1501618516 655.437438964844 605.954406738281 1  0
s 1501618517 306.643005371094 397.337127685547 1  0
e 1501618517 367.802917480469 290.469360351562 1  0
c 1501618518 556.304382324219 520.271789550781 1  0
o 1501618519 1023.80389404297 276.063110351562 2  0
n 1501618519 837.634460449219 510.255126953125 1  0
d 1501618520 419.040649414062 384.839996337891 1  0
space 1501618520 655.745422363281 609.322204589844 1  0
l 1501618521 1068.392578125 383.942077636719 2  0
a 1501618521 185.870742797852 400.699279785156 1  0
r 1501618523 479.320587158203 287.888000488281 2  0
g 1501618524 660.40771484375 397.767578125 3  0
e 1501618524 393.419036865234 291.658508300781 3  0
s 1501618524 324.646789550781 382.758758544922 1  0
t 1501618525 610.438842773438 270.506317138672 1  0
space 1501618526 661.993225097656 598.292358398438 1  0
c 1501618528 554.000183105469 497.737152099609 1  0
o 1501618528 1048.99133300781 297.025970458984 3  0
u 1501618529 829.269226074219 282.174041748047 3  0
n 1501618529 842.20703125 500.8330078125 1  0
n 1501618529 838.163208007812 504.237152099609 1  0
back 1501618530 1095.21533203125 480.498199462891 1  0
back 1501618530 1115.19885253906 485.698699951172 1  0
back 1501618531 1095.64123535156 486.10107421875 1  0
u 1501618532 812.591613769531 293.422241210938 3  0
n 1501618532 851.027893066406 502.673675537109 1  0
t 1501618533 609.435424804688 282.389709472656 2  0
r 1501618533 478.395080566406 285.535247802734 3  0
y 1501618534 709.769653320312 285.411193847656 3  0
