t 1501618857 573.882202148438 281.323883056641 1  0
i 1501618858 912.366027832031 277.769805908203 1  0
c 1501618859 533.772705078125 492.892944335938 2  0
k 1501618860 970.572570800781 405.022033691406 2  0
e 1501618860 365.156341552734 279.751495361328 1  0
t 1501618861 600.057250976562 299.977996826172 2  0
s 1501618862 303.387115478516 391.055389404297 1  0
space 1501618865 627.945373535156 607.51708984375 1  0
a 1501618865 206.748001098633 392.435729980469 1  0
r 1501618866 478.266571044922 291.443969726562 1  0
e 1501618866 379.834075927734 278.022583007812 1  0
space 1501618869 664.476623535156 583.823852539062 1  0
v 1501618870 628.684020996094 491.629364013672 1  0
e 1501618871 380.965789794922 271.850158691406 1  0
r 1501618872 492.181610107422 267.212799072266 1  0
y 1501618872 701.566589355469 289.379486083984 1  0
space 1501618875 669.930603027344 586.776916503906 1  0
e 1501618876 362.332427978516 277.726379394531 1  0
x 1501618876 435.168121337891 504.207275390625 1  0
p 1501618877 1140.48303222656 286.222290039062 2  0
e 1501618878 376.358520507812 267.711730957031 1  0
n 1501618879 859.673583984375 508.625213623047 3  0
s 1501618880 330.805938720703 397.077545166016 1  0
i 1501618881 899.272155761719 286.298126220703 1  0
v 1501618882 640.48779296875 506.901458740234 1  0
e 1501618882 364.017150878906 264.904113769531 1  0
