s 1501618541 308.553375244141 393.90625 3  0
t 1501618542 609.629028320312 292.085113525391 2  0
a 1501618543 204.816543579102 372.580688476562 3  0
b 1501618545 767.994323730469 496.478302001953 1  0
i 1501618545 935.852416992188 276.705871582031 1  0
l 1501618546 1086.86560058594 388.963775634766 1  0
i 1501618546 933.606994628906 283.476226806641 3  0
t 1501618547 601.771545410156 275.038330078125 1  0
u 1501618547 807.904663085938 277.342071533203 3  0
back 1501618548 1125.22534179688 473.773010253906 1  0
y 1501618549 696.880126953125 279.881378173828 1  0
space 1501618550 655.782409667969 604.059875488281 1  0
o 1501618551 1036.88244628906 284.863647460938 3  0
f 1501618552 547.505187988281 381.194183349609 2  0
space 1501618552 651.700134277344 602.865478515625 1  0
t 1501618553 612.271423339844 280.942077636719 2  0
h 1501618553 740.601684570312 387.922241210938 1  0
e 1501618553 366.901672363281 291.931579589844 1  0
space 1501618554 657.525634765625 606.12353515625 1  0
space 1501618554 734.455017089844 620.539428710938 1  0
n 1501618554 877.393432617188 484.28759765625 1  0
a 1501618555 202.98747253418 396.364685058594 2  0
t 1501618555 590.492980957031 253.212356567383 2  0
i 1501618556 915.038024902344 278.416870117188 3  0
o 1501618556 989.026000976562 269.040435791016 1  0
n 1501618557 827.237426757812 508.203033447266 1  0
