t 1501618220 607.46435546875 279.949523925781 1  0
h 1501618221 738.347900390625 378.118499755859 1  0
e 1501618222 348.726226806641 264.077209472656 1  0
space 1501618222 766.685546875 568.686828613281 1  0
space 1501618222 748.863830566406 580.3388671875 1  0
space 1501618223 684.990417480469 588.945861816406 1  0
p 1501618224 1133.38806152344 277.627105712891 1  0
o 1501618224 1028.34252929688 280.541870117188 1  0
w 1501618225 282.726928710938 273.334808349609 1  0
e 1501618226 360.962432861328 283.221893310547 1  0
r 1501618227 467.165161132812 277.781158447266 1  0
o 1501618228 1025.00573730469 278.043884277344 1  0
back 1501618229 1126.91821289062 496.351257324219 1  0
space 1501618231 608.430725097656 601.980834960938 1  0
o 1501618232 1020.11541748047 266.831420898438 1  0
f 1501618233 518.29150390625 381.522705078125 1  0
space 1501618234 654.450988769531 610.275756835938 1  0
d 1501618236 416.210205078125 384.382690429688 1  0
e 1501618237 378.553680419922 275.696502685547 1  0
n 1501618238 872.6171875 497.664672851562 1  0
i 1501618238 909.956298828125 276.060943603516 1  0
a 1501618239 211.735946655273 388.577606201172 1  0
l 1501618239 1079.92321777344 373.188812255859 1  0
