a 1501618425 178.797607421875 401.279724121094 1  0
space 1501618426 655.749572753906 605.589721679688 1  0
p 1501618427 1130.84924316406 278.701782226562 1  0
r 1501618428 475.914489746094 277.929229736328 1  0
o 1501618428 985.440490722656 272.282836914062 1  0
b 1501618429 731.414733886719 516.032592773438 2  0
l 1501618430 1066.47094726562 390.634613037109 1  0
e 1501618430 379.441711425781 291.593933105469 2  0
m 1501618430 945.349853515625 481.980224609375 1  0
space 1501618431 661.695678710938 587.448608398438 1  0
w 1501618432 293.465179443359 285.998931884766 1  0
i 1501618432 929.492553710938 282.254913330078 1  0
t 1501618433 595.409851074219 281.808532714844 1  0
h 1501618434 734.739929199219 368.764007568359 1  0
space 1501618434 664.747802734375 590.596801757812 1  0
t 1501618437 580.9833984375 276.922027587891 1  0
h 1501618437 740.902709960938 371.533386230469 1  0
e 1501618438 378.410614013672 281.265197753906 1  0
space 1501618438 654.321411132812 571.052917480469 1  0
e 1501618439 387.341278076172 290.249969482422 2  0
n 1501618440 879.599792480469 500.338836669922 2  0
g 1501618440 633.160461425781 394.666046142578 1  0
i 1501618440 921.329467773438 276.339477539062 1  0
n 1501618442 897.716918945312 482.626068115234 1  0
e 1501618443 365.867340087891 278.130035400391 1  0
