t 1501618392 597.895324707031 276.572143554688 1  0
t 1501618392 601.059143066406 291.923004150391 1  0
h 1501618392 768.998229980469 382.322418212891 1  0
h 1501618392 756.681457519531 376.787261962891 1  0
back 1501618393 1128.2958984375 496.238708496094 2  0
back 1501618394 1104.28601074219 494.95703125 2  0
back 1501618394 1103.79760742188 488.508880615234 2  0
h 1501618395 740.654052734375 394.458587646484 1  0
e 1501618396 358.796173095703 287.739715576172 1  0
space 1501618398 631.252746582031 594.68701171875 1  0
p 1501618398 1129.59045410156 296.981323242188 1  0
r 1501618399 490.276885986328 281.954772949219 1  0
i 1501618399 901.512268066406 285.940795898438 1  0
c 1501618400 527.667785644531 516.1240234375 2  0
e 1501618401 400.425628662109 274.243713378906 1  0
space 1501618402 650.71630859375 588.344116210938 1  0
o 1501618403 1040.0849609375 281.136169433594 1  0
f 1501618404 517.693115234375 389.842803955078 1  0
g 1501618405 655.79638671875 394.875549316406 1  0
a 1501618406 204.332534790039 389.357849121094 1  0
back 1501618407 1157.37805175781 484.131195068359 2  0
back 1501618407 1126.94885253906 473.632141113281 1  0
space 1501618409 630.035339355469 600.219177246094 1  0
g 1501618410 646.102416992188 385.856201171875 1  0
a 1501618410 192.944213867188 400.118804931641 1  0
s 1501618411 318.909240722656 393.056488037109 2  0
space 1501618413 647.762451171875 614.552001953125 1  0
i 1501618414 902.057312011719 264.916412353516 1  0
s 1501618415 322.733764648438 386.192169189453 1  0
space 1501618417 638.8466796875 592.709167480469 1  0
h 1501618417 755.618835449219 396.501037597656 1  0
i 1501618418 889.244750976562 276.896789550781 1  0
g 1501618419 649.196105957031 385.43017578125 1  0
h 1501618419 750.214782714844 390.40478515625 1  0
h 1501618419 756.371643066406 393.170104980469 1  0
back 1501618420 1125.67272949219 470.488311767578 1  0
