t 1501618598 586.208129882812 295.570983886719 1  0
j 1501618598 838.604064941406 386.428924560547 2  0
back 1501618599 1126.20568847656 486.848907470703 1  0
h 1501618600 765.761962890625 389.130157470703 3  0
w 1501618600 290.317321777344 319.900482177734 1  0
e 1501618600 331.069000244141 296.787933349609 1  0
e 1501618601 347.743469238281 285.524932861328 2  0
back 1501618601 1134.66772460938 484.107971191406 1  0
back 1501618602 1106.23400878906 500.088562011719 1  0
back 1501618602 1079.28527832031 498.876708984375 1  0
e 1501618603 364.430328369141 274.253509521484 1  0
space 1501618604 735.754150390625 639.061157226562 1  0
space 1501618604 640.025756835938 629.927307128906 1  0
l 1501618606 1069.63720703125 400.172546386719 2  0
i 1501618606 935.952575683594 286.575286865234 1  0
b 1501618607 740.478149414062 524.505249023438 1  0
r 1501618607 501.14794921875 269.601501464844 2  0
a 1501618608 213.82063293457 398.405609130859 3  0
r 1501618609 497.746398925781 270.576202392578 2  0
y 1501618609 720.862854003906 294.378601074219 1  0
space 1501618610 646.342041015625 617.889221191406 1  0
n 1501618611 817.253173828125 547.375854492188 0  0
i 1501618611 927.618530273438 280.675994873047 1  0
s 1501618612 332.717834472656 391.923400878906 1  0
back 1501618613 1104.51745605469 486.571441650391 1  0
back 1501618613 1083.06909179688 484.907775878906 3  0
back 1501618613 1098.91931152344 483.612579345703 1  0
i 1501618614 920.681213378906 281.246185302734 1  0
s 1501618614 321.09619140625 373.561920166016 1  0
space 1501618615 682.916320800781 611.856384277344 1  0
c 1501618615 552.201477050781 504.380096435547 1  0
l 1501618616 1075.30737304688 383.375457763672 2  0
o 1501618616 998.386474609375 281.444427490234 2  0
s 1501618617 316.255615234375 409.637542724609 3  0
e 1501618617 385.707305908203 279.101989746094 1  0
d 1501618618 422.494262695312 384.556610107422 3  0
space 1501618618 646.80224609375 626.664672851562 1  0
t 1501618619 588.677124023438 292.074340820312 1  0
o 1501618619 1009.84954833984 267.328521728516 2  0
d 1501618620 400.303009033203 399.472076416016 1  0
a 1501618620 233.329681396484 386.977569580078 2  0
y 1501618621 705.379699707031 289.065979003906 3  0
