a 1501618301 197.083023071289 383.398315429688 1  0
l 1501618301 1082.12426757812 386.084869384766 1  0
l 1501618302 1122.333984375 379.522064208984 1  0
space 1501618303 657.507995605469 594.58349609375 1  0
w 1501618303 282.703491210938 284.974731445312 1  0
o 1501618304 1025.78405761719 290.277801513672 1  0
r 1501618305 493.741882324219 263.435852050781 1  0
k 1501618305 970.567565917969 378.881713867188 1  0
space 1501618307 664.711730957031 593.996032714844 1  0
a 1501618308 214.287170410156 391.299682617188 1  0
n 1501618308 879.266479492188 477.636779785156 1  0
d 1501618309 438.673767089844 389.778259277344 1  0
space 1501618311 637.025512695312 586.063049316406 1  0
n 1501618312 879.901428222656 487.330352783203 2  0
o 1501618312 1010.19299316406 278.394836425781 1  0
space 1501618313 662.003112792969 590.820617675781 1  0
p 1501618314 1136.8916015625 275.433563232422 1  0
l 1501618314 1100.20263671875 381.335540771484 1  0
a 1501618315 216.25325012207 383.549652099609 1  0
y 1501618316 693.412658691406 280.166534423828 1  0
