f 1501618344 526.358520507812 374.826812744141 1  0
o 1501618345 1037.68359375 272.669158935547 1  0
r 1501618346 474.955200195312 275.230224609375 1  0
space 1501618348 634.552185058594 609.862487792969 1  0
y 1501618348 724.021362304688 282.678863525391 1  0
o 1501618349 1035.41467285156 277.188446044922 1  0
u 1501618350 800.274291992188 296.339935302734 1  0
r 1501618350 471.028228759766 277.984069824219 1  0
space 1501618351 661.696838378906 610.194091796875 1  0
i 1501618351 916.031066894531 286.306762695312 1  0
n 1501618352 841.075744628906 509.973968505859 1  0
o 1501618353 1008.91326904297 279.886199951172 1  0
r 1501618353 498.043334960938 273.677581787109 1  0
back 1501618354 1110.20104980469 481.494750976562 2  0
back 1501618355 1115.12731933594 477.845703125 2  0
f 1501618355 538.458251953125 381.246948242188 1  0
o 1501618356 1028.92663574219 267.841156005859 1  0
r 1501618356 490.208831787109 270.328125 1  0
a 1501618358 211.607940673828 390.657470703125 1  0
back 1501618358 1154.421875 474.634368896484 3  0
m 1501618359 979.630859375 485.672668457031 3  0
a 1501618360 203.151138305664 394.62744140625 1  0
i 1501618361 888.971923828125 275.705535888672 2  0
back 1501618362 1117.46936035156 474.406921386719 1  0
i 1501618363 920.121948242188 267.941650390625 2  0
back 1501618364 1138.73388671875 492.143035888672 2  0
t 1501618375 577.983825683594 263.451873779297 2  0
i 1501618377 901.586730957031 284.721771240234 1  0
o 1501618377 1049.64208984375 273.766235351562 1  0
n 1501618378 861.475708007812 517.691772460938 3  0
space 1501618380 639.720520019531 619.10693359375 1  0
o 1501618381 1035.14782714844 278.25 1  0
n 1501618382 850.9833984375 512.407043457031 2  0
l 1501618383 1067.77734375 387.260345458984 1  0
l 1501618383 1081.60571289062 386.127349853516 1  0
l 1501618383 1106.81555175781 390.596038818359 1  0
y 1501618384 727.492004394531 290.367858886719 1  0
back 1501618385 1144.14123535156 494.944458007812 2  0
back 1501618385 1127.32958984375 483.341064453125 1  0
back 1501618386 1122.57507324219 486.974700927734 3  0
y 1501618386 720.101013183594 281.787353515625 1  0
