p 1501618651 1155.18798828125 291.591613769531 3  0
r 1501618651 498.727142333984 286.291595458984 3  0
o 1501618652 1026.0703125 269.289733886719 3  0
t 1501618653 610.464538574219 293.576507568359 1  0
t 1501618653 611.458251953125 296.787963867188 1  0
e 1501618653 360.946136474609 277.840484619141 1  0
k 1501618653 984.836547851562 354.800109863281 2  0
c 1501618653 514.81005859375 497.693420410156 1  0
t 1501618654 600.677917480469 287.79296875 2  0
back 1501618655 1136.39074707031 483.967193603516 1  0
back 1501618655 1135.88391113281 477.174682617188 1  0
back 1501618656 1134.42907714844 476.268249511719 1  0
back 1501618656 1091.68322753906 484.203887939453 1  0
back 1501618656 1129.75305175781 487.925262451172 1  0
enter 1501618656 1046.52270507812 634.061340332031 0  0
e 1501618657 378.275817871094 276.414154052734 1  0
c 1501618658 536.614807128906 522.734619140625 1  0
t 1501618658 587.507263183594 275.691162109375 3  0
back 1501618659 1125.18395996094 491.713409423828 3  0
back 1501618659 1122.43481445312 485.107482910156 3  0
back 1501618659 1136.39074707031 483.967193603516 1  0
back 1501618660 1119.68481445312 496.942077636719 3  0
t 1501618661 577.67236328125 286.389801025391 1  0
e 1501618662 376.562530517578 273.2548828125 3  0
c 1501618662 545.9521484375 518.898498535156 1  0
t 1501618663 588.212219238281 271.98779296875 1  0
space 1501618664 726.087341308594 621.560119628906 1  0
y 1501618665 693.885437011719 293.303924560547 2  0
o 1501618665 1003.06372070312 287.642395019531 2  0
o 1501618665 1019.27392578125 289.600708007812 2  0
u 1501618666 811.65673828125 296.790008544922 3  0
r 1501618666 487.147613525391 276.657684326172 2  0
back 1501618667 1114.27844238281 478.085906982422 1  0
back 1501618667 1113.13610839844 479.03369140625 1  0
back 1501618668 1119.16137695312 485.374938964844 3  0
u 1501618669 805.929321289062 280.799072265625 3  0
r 1501618670 488.687713623047 261.766571044922 1  0
space 1501618671 714.291931152344 613.199157714844 1  0
e 1501618671 400.935821533203 291.733978271484 1  0
n 1501618672 855.912475585938 476.296600341797 1  0
v 1501618673 667.337463378906 527.751281738281 1  0
i 1501618673 901.162841796875 279.557464599609 1  0
o 1501618676 1025.28857421875 321.968780517578 3  0
o 1501618677 1031.08544921875 324.775115966797 1  0
back 1501618677 1132.69091796875 480.852966308594 1  0
back 1501618677 1114.2587890625 475.523956298828 1  0
r 1501618682 510.461242675781 284.805877685547 1  0
o 1501618682 1026.14038085938 279.16357421875 1  0
n 1501618683 848.4892578125 503.393341064453 1  0
m 1501618684 969.393371582031 494.196746826172 2  0
e 1501618685 350.477569580078 265.845092773438 1  0
n 1501618686 852.205200195312 496.087371826172 1  0
t 1501618687 591.125854492188 269.491027832031 1  0
