q 1501618891 158.30647277832 307.705841064453 2  0
q 1501618891 163.354629516602 279.861602783203 1  0
back 1501618892 1138.49340820312 488.918762207031 3  0
u 1501618894 783.258056640625 289.249542236328 1  0
e 1501618895 374.731750488281 289.899291992188 1  0
s 1501618896 338.180084228516 404.56787109375 1  0
t 1501618896 607.8427734375 280.265411376953 1  0
i 1501618897 898.327270507812 289.667358398438 1  0
o 1501618897 1018.23345947266 289.686218261719 1  0
n 1501618898 837.573059082031 497.283294677734 1  0
space 1501618899 701.249267578125 619.855834960938 1  0
t 1501618901 598.797058105469 280.662445068359 1  0
h 1501618902 755.928161621094 380.121917724609 1  0
a 1501618902 202.48078918457 371.909240722656 1  0
t 1501618903 598.380493164062 291.276428222656 1  0
space 1501618903 650.379638671875 614.847351074219 1  0
m 1501618904 963.451721191406 512.944641113281 2  0
u 1501618905 808.190612792969 297.074859619141 1  0
s 1501618905 321.651489257812 390.935607910156 2  0
t 1501618906 594.914978027344 291.561401367188 1  0
space 1501618908 641.85302734375 597.218383789062 1  0
b 1501618909 757.212585449219 494.112762451172 1  0
e 1501618909 373.607421875 287.388763427734 1  0
space 1501618911 643.596313476562 601.150268554688 1  0
a 1501618911 198.156158447266 396.761199951172 2  0
n 1501618912 878.502136230469 480.948516845703 1  0
s 1501618912 324.249816894531 399.338195800781 1  0
w 1501618913 268.260070800781 287.205261230469 1  0
e 1501618913 359.196228027344 276.073944091797 1  0
r 1501618913 474.310882568359 263.123779296875 1  0
e 1501618914 365.864898681641 285.0751953125 1  0
e 1501618915 373.074645996094 280.315338134766 1  0
d 1501618915 414.741180419922 376.571350097656 1  0
back 1501618916 1123.05456542969 477.197845458984 2  0
back 1501618916 1112.71472167969 478.042846679688 1  0
d 1501618917 413.545288085938 396.146759033203 1  0
