h 1501618279 751.262512207031 380.504516601562 1  0
a 1501618280 213.651062011719 391.869140625 1  0
v 1501618281 642.748901367188 516.450500488281 1  0
e 1501618283 374.312713623047 268.227722167969 1  0
space 1501618285 655.071960449219 598.177673339844 1  0
a 1501618286 200.126693725586 387.460968017578 1  0
space 1501618286 683.656127929688 585.657409667969 1  0
g 1501618288 643.239929199219 392.634460449219 1  0
o 1501618289 1034.9072265625 268.389953613281 1  0
o 1501618290 1039.31237792969 268.894775390625 1  0
d 1501618290 414.815887451172 373.805297851562 1  0
space 1501618291 688.460327148438 585.265563964844 1  0
w 1501618292 286.915893554688 278.375915527344 1  0
e 1501618292 399.607635498047 276.568817138672 1  0
e 1501618293 386.704833984375 269.814025878906 1  0
k 1501618294 985.260009765625 384.217102050781 1  0
e 1501618294 362.989196777344 284.270355224609 1  0
n 1501618295 864.063415527344 505.194000244141 3  0
d 1501618296 436.920837402344 393.195648193359 2  0
