w 1501618464 282.632507324219 284.286071777344 1  0
i 1501618465 903.685729980469 282.643157958984 1  0
t 1501618466 585.211730957031 292.359313964844 1  0
h 1501618467 754.471618652344 393.325866699219 1  0
space 1501618468 638.16748046875 609.737365722656 1  0
e 1501618468 378.735870361328 286.272521972656 2  0
a 1501618469 197.147552490234 392.189270019531 1  0
x 1501618469 445.57763671875 513.098449707031 2  0
back 1501618470 1129.67260742188 479.903594970703 3  0
c 1501618471 541.822509765625 495.484100341797 1  0
h 1501618472 759.778015136719 386.349914550781 1  0
s 1501618474 325.785430908203 399.039886474609 1  0
back 1501618475 1126.94885253906 473.632141113281 2  0
space 1501618476 616.378662109375 594.541564941406 1  0
s 1501618477 318.962127685547 379.948333740234 1  0
t 1501618478 599.763732910156 287.347900390625 1  0
e 1501618479 366.332855224609 284.515960693359 1  0
p 1501618480 1133.54455566406 286.792236328125 1  0
space 1501618483 636.992797851562 589.463439941406 1  0
f 1501618484 516.7412109375 387.164428710938 1  0
o 1501618484 1020.26202392578 266.472503662109 1  0
w 1501618486 272.221130371094 284.969299316406 1  0
a 1501618486 192.875946044922 381.500732421875 1  0
r 1501618488 491.416442871094 286.545989990234 1  0
d 1501618488 426.504089355469 396.978485107422 1  0
back 1501618496 1138.97827148438 479.143188476562 1  0
back 1501618497 1152.76501464844 478.016571044922 1  0
back 1501618498 1127.81066894531 473.561706542969 1  0
back 1501618498 1103.365234375 469.063110351562 2  0
enter 1501618498 1010.89495849609 628.503601074219 0  0
r 1501618499 484.644409179688 270.6123046875 1  0
back 1501618500 1129.12036132812 470.206512451172 1  0
back 1501618501 1126.3623046875 470.431945800781 1  0
o 1501618502 1052.91784667969 286.836578369141 3  0
r 1501618503 490.083709716797 263.563140869141 1  0
w 1501618504 269.699645996094 275.797454833984 1  0
a 1501618505 203.387283325195 393.573608398438 2  0
t 1501618506 579.143371582031 279.676483154297 3  0
back 1501618507 1115.12731933594 477.845703125 1  0
r 1501618508 477.666625976562 281.603759765625 1  0
d 1501618508 435.913391113281 382.938323974609 1  0
