t 1501618626 582.7431640625 295.855895996094 1  0
h 1501618627 741.577941894531 391.112884521484 2  0
i 1501618627 921.975952148438 277.846557617188 1  0
s 1501618628 307.381042480469 384.175903320312 2  0
space 1501618628 668.106750488281 636.953735351562 1  0
p 1501618629 1169.06335449219 290.452026367188 1  0
e 1501618630 394.934478759766 298.124938964844 1  0
r 1501618630 482.912292480469 274.401824951172 2  0
l 1501618630 1060.20947265625 374.804595947266 2  0
back 1501618631 1078.49865722656 475.028106689453 0  0
s 1501618631 320.8212890625 389.624664306641 2  0
o 1501618631 1026.21044921875 289.030822753906 1  0
n 1501618632 853.627685546875 486.230499267578 1  0
space 1501618633 727.789611816406 611.590515136719 1  0
space 1501618633 679.068115234375 636.060852050781 1  0
i 1501618634 934.729614257812 280.091491699219 3  0
s 1501618634 331.553466796875 382.191864013672 2  0
space 1501618635 669.345642089844 641.084594726562 1  0
a 1501618636 213.654083251953 385.315612792969 3  0
space 1501618636 677.874938964844 624.810546875 1  0
d 1501618637 443.081695556641 399.235198974609 1  0
i 1501618637 935.852416992188 276.705871582031 1  0
s 1501618638 300.475128173828 384.742736816406 2  0
a 1501618639 217.098968505859 398.136566162109 3  0
a 1501618640 202.089447021484 379.708923339844 3  0
back 1501618641 1128.63732910156 484.600677490234 1  0
s 1501618643 303.096862792969 383.147888183594 1  0
t 1501618644 616.579833984375 308.839508056641 3  0
e 1501618644 361.308227539062 286.665191650391 3  0
r 1501618645 470.719329833984 263.940734863281 2  0
