p 1501618563 1142.63269042969 289.334533691406 3  0
l 1501618563 1097.1904296875 378.313446044922 1  0
e 1501618563 380.567657470703 271.361633300781 3  0
a 1501618564 190.211334228516 374.470611572266 1  0
s 1501618564 312.005279541016 393.623016357422 3  0
e 1501618565 372.229705810547 303.286743164062 3  0
space 1501618566 663.935180664062 625.268676757812 1  0
f 1501618566 551.540344238281 387.066375732422 2  0
o 1501618567 1037.68359375 274.92236328125 2  0
l 1501618568 1078.07336425781 383.148834228516 2  0
l 1501618568 1075.18798828125 393.186920166016 2  0
o 1501618568 1044.6875 284.222351074219 3  0
k 1501618568 965.14404296875 413.196716308594 0  0
w 1501618569 293.383483886719 280.1015625 2  0
back 1501618569 1140.1845703125 479.044616699219 1  0
back 1501618570 1126.3623046875 470.431945800781 1  0
w 1501618572 246.392990112305 305.314849853516 1  0
w 1501618572 263.506195068359 268.312805175781 1  0
back 1501618573 1143.63110351562 478.762969970703 1  0
space 1501618574 710.173706054688 646.220092773438 1  0
space 1501618574 657.007202148438 623.121948242188 1  0
t 1501618575 603.801086425781 293.257690429688 1  0
h 1501618575 750.967041015625 387.072357177734 1  0
e 1501618576 378.024353027344 287.89306640625 2  0
space 1501618576 709.425598144531 657.103576660156 0  0
g 1501618577 682.141906738281 376.353424072266 1  0
n 1501618577 856.317810058594 509.923400878906 0  0
u 1501618578 804.483642578125 300.669555664062 1  0
i 1501618578 934.62890625 270.217742919922 1  0
d 1501618578 418.691864013672 402.440948486328 2  0
e 1501618579 370.405670166016 281.576721191406 2  0
back 1501618580 1150.86437988281 482.784576416016 1  0
back 1501618580 1146.19116210938 485.216064453125 1  0
back 1501618580 1133.25744628906 469.868347167969 1  0
back 1501618581 1129.84497070312 479.889526367188 1  0
back 1501618581 1129.84497070312 479.889526367188 1  0
u 1501618582 796.192626953125 291.478576660156 1  0
i 1501618582 908.100341796875 278.987182617188 3  0
d 1501618583 421.981384277344 389.941528320312 2  0
e 1501618583 370.547210693359 276.008117675781 1  0
l 1501618584 1090.32250976562 388.680541992188 2  0
i 1501618585 941.765563964844 289.388610839844 3  0
n 1501618585 858.296997070312 508.737701416016 1  0
enter 1501618585 958.681823730469 646.282287597656 2  0
e 1501618586 394.720886230469 276.623657226562 2  0
back 1501618587 1140.77880859375 487.024444580078 1  0
back 1501618588 1138.36071777344 466.202362060547 1  0
n 1501618589 858.992126464844 492.286437988281 1  0
e 1501618590 374.660614013672 292.681182861328 2  0
s 1501618590 308.202667236328 390.487884521484 1  0
