c 1501618692 532.741027832031 472.950775146484 2  0
o 1501618693 1032.96105957031 295.054595947266 1  0
m 1501618693 971.315795898438 500.869476318359 1  0
p 1501618694 1128.75744628906 290.474212646484 3  0
a 1501618694 199.32746887207 393.044799804688 3  0
i 1501618696 913.917602539062 281.802124023438 1  0
e 1501618697 394.664916992188 279.580291748047 1  0
back 1501618698 1135.78271484375 487.4326171875 1  0
back 1501618698 1128.82653808594 470.914459228516 1  0
n 1501618699 850.898132324219 507.293914794922 1  0
i 1501618700 912.797424316406 285.1865234375 1  0
e 1501618700 388.441741943359 282.002166748047 1  0
s 1501618701 324.646789550781 382.758758544922 2  0
space 1501618702 631.250732421875 602.156860351562 1  0
a 1501618703 217.102661132812 391.585845947266 2  0
n 1501618704 850.18359375 486.512084960938 1  0
n 1501618706 836.752075195312 487.610137939453 1  0
o 1501618707 1004.27142333984 294.122619628906 2  0
u 1501618710 823.754577636719 289.213104248047 1  0
c 1501618712 550.367431640625 521.610595703125 1  0
e 1501618712 401.230285644531 280.602661132812 2  0
space 1501618713 629.749572753906 623.309448242188 1  0
a 1501618714 220.558898925781 384.748748779297 2  0
space 1501618717 643.07177734375 616.121215820312 1  0
back 1501618718 1136.705078125 469.586547851562 1  0
back 1501618719 1124.599609375 474.678802490234 1  0
back 1501618719 1126.23303222656 477.96337890625 1  0
back 1501618720 1124.85437011719 478.076049804688 1  0
back 1501618721 1095.55993652344 480.470031738281 1  0
back 1501618721 1117.15600585938 467.935760498047 1  0
u 1501618728 808.853088378906 306.888671875 1  0
n 1501618729 846.080078125 515.878784179688 1  0
c 1501618730 543.524719238281 511.582397460938 1  0
e 1501618731 353.945892333984 291.609466552734 1  0
space 1501618732 658.866455078125 605.674865722656 1  0
a 1501618733 208.467391967773 415.207946777344 2  0
space 1501618734 662.564392089844 614.023864746094 1  0
e 1501618736 364.338592529297 290.75439453125 1  0
back 1501618737 1150.36083984375 475.991607666016 1  0
m 1501618740 963.866821289062 477.218109130859 1  0
e 1501618741 384.543853759766 298.979614257812 1  0
r 1501618742 487.733917236328 277.303833007812 2  0
g 1501618743 663.119018554688 400.814666748047 3  0
e 1501618744 393.021362304688 291.170654296875 2  0
r 1501618744 486.118865966797 285.940826416016 1  0
