c 1501618247 524.136596679688 493.68115234375 1  0
a 1501618248 203.625045776367 379.410217285156 1  0
l 1501618248 1076.46447753906 373.472290039062 1  0
l 1501618249 1099.42041015625 361.775390625 1  0
space 1501618251 654.077758789062 594.863220214844 1  0
f 1501618252 520.604797363281 369.262542724609 1  0
o 1501618253 1039.57897949219 272.340087890625 1  0
r 1501618254 479.177734375 268.283081054688 1  0
space 1501618258 690.729919433594 581.682312011719 1  0
m 1501618260 986.344055175781 498.105133056641 1  0
o 1501618261 1039.7646484375 281.509002685547 1  0
r 1501618261 486.445465087891 274.805572509766 2  0
e 1501618262 370.519897460938 261.761138916016 1  0
space 1501618265 649.343872070312 588.4560546875 1  0
d 1501618266 419.442352294922 374.805572509766 1  0
e 1501618266 379.098114013672 288.151824951172 1  0
t 1501618267 598.119689941406 280.891723632812 1  0
a 1501618269 208.928588867188 390.015197753906 2  0
i 1501618270 895.17041015625 276.756286621094 1  0
l 1501618271 1100.67639160156 371.487823486328 1  0
s 1501618274 312.720703125 387.013946533203 1  0
