t 1501618321 579.964904785156 280.996978759766 1  0
h 1501618322 742.104431152344 381.255554199219 1  0
e 1501618322 382.847229003906 280.20556640625 1  0
space 1501618323 648.144104003906 605.531005859375 1  0
s 1501618324 319.705718994141 409.354583740234 1  0
u 1501618325 811.060546875 281.5908203125 1  0
m 1501618325 969.127258300781 499.511810302734 3  0
space 1501618327 645.527465820312 603.368713378906 1  0
o 1501618328 1033.25256347656 274.073303222656 1  0
f 1501618329 521.120300292969 381.980072021484 1  0
space 1501618329 650.3916015625 618.745910644531 1  0
t 1501618330 608.916381835938 284.340545654297 1  0
h 1501618331 741.654541015625 368.196746826172 1  0
e 1501618331 362.317687988281 267.129760742188 1  0
space 1501618332 634.929748535156 600.838439941406 1  0
p 1501618333 1138.78955078125 282.205932617188 1  0
a 1501618333 191.188583374023 419.551391601562 1  0
a 1501618333 195.104293823242 394.253479003906 1  0
back 1501618334 1119.61462402344 493.704864501953 2  0
r 1501618335 479.343811035156 270.006469726562 1  0
t 1501618336 618.1484375 274.558868408203 1  0
s 1501618336 309.374450683594 400.214050292969 1  0
s 1501618337 305.118957519531 384.189147949219 1  0
s 1501618337 308.571990966797 383.905731201172 2  0
back 1501618338 1148.69592285156 481.59521484375 3  0
back 1501618339 1118.57397460938 477.564025878906 1  0
