i 1501618183 917.063232421875 277.556976318359 1  0
i 1501618183 917.063232421875 277.556976318359 2  0
back 1501618184 1138.73388671875 492.143035888672 2  0
space 1501618185 741.565795898438 587.728759765625 1  0
a 1501618186 218.110061645508 392.882415771484 1  0
g 1501618187 658.630493164062 387.756469726562 1  0
r 1501618188 482.940856933594 263.803558349609 1  0
e 1501618189 357.983673095703 269.224426269531 1  0
e 1501618190 361.140563964844 258.882141113281 1  0
space 1501618192 661.009521484375 587.504577636719 1  0
w 1501618193 268.830932617188 245.431777954102 2  0
i 1501618193 906.092224121094 271.523345947266 1  0
t 1501618194 592.226135253906 281.376495361328 1  0
h 1501618195 749.016174316406 380.688720703125 1  0
space 1501618197 642.162658691406 600.588195800781 1  0
y 1501618198 693.431518554688 292.128204345703 1  0
y 1501618198 693.572387695312 285.876098632812 1  0
back 1501618199 1138.220703125 475.958404541016 1  0
o 1501618200 1036.82897949219 288.677856445312 1  0
o 1501618200 1042.77795410156 291.132415771484 1  0
back 1501618201 1114.23510742188 484.411010742188 2  0
u 1501618202 789.600708007812 281.794799804688 1  0
u 1501618202 788.088684082031 284.519500732422 1  0
back 1501618203 1130.29284667969 476.606292724609 2  0
