a 1501614305 218.06982421875 369.420288085938 1  0
l 1501614306 1088.05065917969 395.399169921875 1  0
l 1501614306 1086.74230957031 398.771545410156 1  0
l 1501614307 1083.75451660156 389.218658447266 1  0
back 1501614307 1123.40393066406 493.395324707031 1  0
space 1501614308 734.800964355469 595.241455078125 1  0
space 1501614308 734.913330078125 598.457092285156 1  0
w 1501614308 263.001647949219 295.448516845703 1  0
o 1501614309 1041.41613769531 298.340362548828 2  0
r 1501614309 459.907867431641 296.595794677734 1  0
k 1501614309 966.630676269531 401.392456054688 1  0
space 1501614310 719.399780273438 594.969543457031 1  0
a 1501614310 201.116607666016 398.414154052734 2  0
d 1501614311 375.51025390625 391.686584472656 1  0
d 1501614311 408.614959716797 402.578704833984 1  0
space 1501614311 713.747497558594 587.78955078125 1  0
back 1501614312 1093.94494628906 472.910797119141 1  0
back 1501614313 1110.34362792969 487.974029541016 1  0
back 1501614313 1124.12561035156 486.848022460938 1  0
n 1501614314 855.655578613281 518.50830078125 1  0
d 1501614315 412.922485351562 396.886871337891 1  0
space 1501614317 628.443786621094 609.172973632812 1  0
n 1501614319 863.027404785156 511.423126220703 1  0
n 1501614319 866.960571289062 504.615814208984 1  0
back 1501614320 1118.33972167969 508.993682861328 3  0
o 1501614321 1023.72808837891 286.290893554688 1  0
space 1501614322 573.392700195312 622.478454589844 1  0
p 1501614322 1142.92065429688 290.868591308594 2  0
p 1501614322 1138.78356933594 291.554504394531 1  0
l 1501614324 1084.02575683594 385.929077148438 1  0
back 1501614326 1114.80139160156 510.305786132812 2  0
back 1501614326 1143.72265625 507.944305419922 1  0
l 1501614327 1060.57409667969 384.066589355469 1  0
a 1501614328 213.320037841797 380.512420654297 1  0
y 1501614328 733.372436523438 301.664947509766 1  0
