f 1501614351 532.449096679688 398.620788574219 1  0
r 1501614352 487.034912109375 286.385955810547 1  0
back 1501614353 1081.35314941406 480.605865478516 1  0
o 1501614354 1016.65655517578 265.034637451172 1  0
r 1501614355 476.118804931641 287.283935546875 1  0
y 1501614356 702.790283203125 279.568725585938 1  0
back 1501614357 1108.04577636719 501.135040283203 2  0
space 1501614357 656.167297363281 608.27001953125 1  0
space 1501614358 670.556274414062 624.051391601562 0  0
y 1501614359 702.208862304688 296.605072021484 1  0
y 1501614359 705.290649414062 309.686096191406 1  0
o 1501614359 1023.36492919922 310.719696044922 1  0
back 1501614360 1132.70458984375 508.843963623047 1  0
back 1501614360 1130.22534179688 505.806121826172 2  0
back 1501614360 1128.74340820312 492.959136962891 1  0
y 1501614362 710.765747070312 278.912841796875 1  0
o 1501614363 1047.44494628906 295.076385498047 1  0
u 1501614364 812.674987792969 277.990386962891 1  0
r 1501614365 451.896667480469 278.863861083984 1  0
i 1501614367 906.419738769531 309.601287841797 1  0
b 1501614367 765.1513671875 495.685363769531 1  0
back 1501614368 1110.52770996094 504.173797607422 2  0
back 1501614368 1121.89147949219 503.245758056641 1  0
n 1501614368 854.171325683594 492.680480957031 1  0
f 1501614369 533.716552734375 397.311706542969 1  0
r 1501614370 456.248901367188 293.081604003906 1  0
back 1501614371 1103.08032226562 495.055511474609 1  0
back 1501614371 1107.91589355469 510.868011474609 1  0
back 1501614371 1113.23571777344 521.68310546875 3  0
back 1501614371 1114.93347167969 500.572479248047 1  0
r 1501614372 471.291625976562 277.094360351562 1  0
space 1501614373 712.400573730469 615.218139648438 1  0
i 1501614376 897.354675292969 258.708465576172 1  0
n 1501614377 864.649230957031 485.329467773438 1  0
f 1501614377 546.283264160156 412.456390380859 1  0
o 1501614378 1050.95812988281 284.053527832031 1  0
r 1501614379 480.291931152344 283.470367431641 1  0
r 1501614379 464.659088134766 280.764801025391 1  0
back 1501614380 1113.90026855469 500.656860351562 1  0
m 1501614381 989.781616210938 510.794158935547 2  0
a 1501614381 181.819473266602 369.289184570312 1  0
t 1501614383 591.200622558594 294.813781738281 1  0
i 1501614383 918.081665039062 298.60693359375 1  0
o 1501614384 1037.41552734375 298.495971679688 1  0
n 1501614385 873.351318359375 510.579711914062 1  0
space 1501614385 837.563049316406 602.983276367188 1  0
o 1501614385 1021.97442626953 301.840362548828 1  0
n 1501614386 864.969116210938 501.534423828125 1  0
l 1501614386 1071.958984375 403.246643066406 1  0
y 1501614387 718.004821777344 301.542541503906 1  0
