p 1501614534 1144.61352539062 301.974395751953 1  0
l 1501614535 1115.57763671875 419.2470703125 1  0
e 1501614535 386.724334716797 284.053100585938 1  0
a 1501614535 225.878921508789 388.968780517578 2  0
s 1501614536 332.476898193359 415.191680908203 2  0
e 1501614536 378.25146484375 307.645050048828 1  0
space 1501614537 631.403503417969 613.172119140625 1  0
f 1501614537 545.666198730469 398.569763183594 1  0
o 1501614538 1023.94171142578 286.792877197266 1  0
l 1501614538 1076.53979492188 376.736236572266 1  0
l 1501614538 1086.52001953125 388.992065429688 1  0
o 1501614539 1009.32440185547 291.803253173828 1  0
w 1501614539 289.248626708984 290.859161376953 1  0
space 1501614539 683.30859375 618.097412109375 1  0
t 1501614540 589.940002441406 294.397430419922 1  0
h 1501614540 730.691528320312 401.812774658203 1  0
e 1501614540 371.106689453125 299.044342041016 1  0
space 1501614541 670.752075195312 618.612182617188 1  0
g 1501614541 632.703796386719 399.178436279297 1  0
u 1501614541 789.431396484375 306.234283447266 1  0
i 1501614541 894.764587402344 295.15576171875 2  0
e 1501614542 389.959594726562 302.522033691406 2  0
back 1501614543 1158.39709472656 500.264434814453 2  0
d 1501614543 426.731414794922 395.754119873047 1  0
e 1501614543 380.114898681641 273.8310546875 1  0
l 1501614544 1080.29760742188 389.501861572266 1  0
i 1501614544 937.105163574219 315.900970458984 1  0
n 1501614545 832.134826660156 494.481719970703 1  0
e 1501614545 356.250122070312 276.316436767578 1  0
s 1501614545 350.100463867188 389.97998046875 1  0
