t 1501614235 599.874145507812 307.441802978516 1  0
h 1501614235 742.25390625 390.885375976562 1  0
e 1501614236 352.905822753906 281.280609130859 1  0
space 1501614237 655.316345214844 574.372741699219 1  0
space 1501614237 642.548950195312 582.213989257812 1  0
o 1501614238 1025.86437988281 291.310028076172 1  0
o 1501614238 1032.64074707031 293.176879882812 1  0
back 1501614239 1150.87805175781 506.336791992188 3  0
back 1501614239 1140.21618652344 488.778015136719 2  0
p 1501614240 1159.67834472656 276.679473876953 1  0
o 1501614240 1046.0234375 278.915679931641 1  0
w 1501614241 273.575592041016 304.812805175781 2  0
e 1501614241 358.415069580078 287.423919677734 1  0
r 1501614242 472.306915283203 287.597534179688 1  0
space 1501614243 727.206970214844 591.44677734375 1  0
o 1501614244 1022.94342041016 291.896270751953 1  0
f 1501614245 525.486206054688 391.270629882812 1  0
space 1501614245 688.548217773438 622.585388183594 1  0
space 1501614246 691.743347167969 621.647155761719 1  0
d 1501614247 420.224334716797 403.864685058594 1  0
e 1501614247 371.392639160156 282.710815429688 1  0
n 1501614249 850.169067382812 488.393585205078 1  0
i 1501614250 918.414978027344 268.428924560547 2  0
i 1501614250 918.414978027344 268.428924560547 1  0
back 1501614251 1151.30859375 491.115814208984 1  0
a 1501614251 181.348510742188 386.070281982422 2  0
l 1501614252 1096.09973144531 391.473876953125 1  0
