i 1501614212 917.624755859375 284.443206787109 1  0
space 1501614213 532.277954101562 625.829345703125 1  0
a 1501614213 215.989700317383 400.8125 1  0
g 1501614214 661.325622558594 404.058288574219 1  0
r 1501614214 467.159881591797 306.572631835938 1  0
e 1501614215 368.213714599609 301.53662109375 1  0
e 1501614215 367.232208251953 288.260437011719 1  0
space 1501614217 668.553894042969 609.635131835938 1  0
w 1501614217 254.045516967773 279.865783691406 1  0
t 1501614219 564.329284667969 280.027496337891 1  0
back 1501614219 1130.77563476562 483.059509277344 2  0
i 1501614220 918.489013671875 273.625640869141 3  0
i 1501614220 909.13037109375 270.233001708984 1  0
back 1501614221 1125.951171875 483.453704833984 1  0
t 1501614222 587.106018066406 282.665100097656 1  0
h 1501614222 763.432678222656 390.353820800781 1  0
space 1501614223 660.974060058594 626.865295410156 1  0
y 1501614224 713.236572265625 285.126129150391 1  0
o 1501614226 1021.97924804688 284.009735107422 2  0
u 1501614228 817.355285644531 275.524475097656 1  0
