a 1501614423 207.982833862305 394.230895996094 2  0
space 1501614424 687.748168945312 625.192138671875 1  0
p 1501614424 1154.76330566406 297.681884765625 1  0
r 1501614425 470.706787109375 298.134918212891 1  0
o 1501614426 1026.77014160156 287.253234863281 1  0
l 1501614426 1088.88977050781 401.860046386719 1  0
back 1501614428 1115.56066894531 513.483154296875 1  0
b 1501614428 779.118286132812 498.815246582031 1  0
l 1501614429 1108.78845214844 393.700500488281 1  0
l 1501614429 1106.64270019531 390.610198974609 2  0
e 1501614429 370.245269775391 290.44189453125 1  0
back 1501614430 1115.56066894531 513.483154296875 1  0
back 1501614430 1113.42431640625 510.418243408203 1  0
e 1501614431 375.753845214844 289.641723632812 3  0
m 1501614432 998.219604492188 503.621429443359 1  0
space 1501614433 749.42626953125 594.558349609375 1  0
q 1501614433 172.926376342773 317.079193115234 3  0
back 1501614434 1113.7890625 487.692535400391 2  0
w 1501614434 276.031311035156 277.882232666016 1  0
i 1501614435 898.054565429688 296.963195800781 1  0
t 1501614436 566.002014160156 281.104553222656 1  0
h 1501614436 754.293762207031 373.364715576172 1  0
space 1501614436 706.714050292969 582.58740234375 1  0
t 1501614437 606.970764160156 270.791656494141 1  0
h 1501614437 742.480041503906 381.569213867188 1  0
e 1501614438 348.213134765625 293.642700195312 2  0
space 1501614438 677.799194335938 582.057373046875 1  0
e 1501614438 357.426452636719 303.637451171875 1  0
g 1501614439 629.997375488281 428.454467773438 2  0
back 1501614440 1124.16259765625 496.576324462891 2  0
n 1501614440 847.672424316406 483.469177246094 1  0
g 1501614441 637.839477539062 392.560852050781 1  0
i 1501614441 921.178771972656 278.778778076172 1  0
n 1501614442 836.226989746094 503.883148193359 1  0
e 1501614442 366.919586181641 290.368560791016 1  0
