p 1501614594 1154.56652832031 273.634704589844 1  0
p 1501614594 1149.23352050781 272.340240478516 2  0
back 1501614595 1109.96948242188 494.492736816406 1  0
r 1501614597 465.853088378906 253.389846801758 1  0
o 1501614598 1038.58911132812 297.88037109375 1  0
t 1501614598 592.023132324219 298.039245605469 1  0
e 1501614599 373.349151611328 284.806518554688 1  0
c 1501614602 522.000305175781 500.354156494141 1  0
t 1501614603 626.201354980469 290.028900146484 1  0
space 1501614604 710.067443847656 629.641235351562 1  0
y 1501614605 721.1689453125 301.802001953125 1  0
o 1501614605 1040.21459960938 307.606964111328 2  0
u 1501614606 798.451721191406 303.589050292969 1  0
r 1501614606 493.743286132812 285.313629150391 1  0
space 1501614607 678.814453125 589.449584960938 1  0
e 1501614607 368.766876220703 303.571563720703 1  0
b 1501614608 774.433288574219 518.660888671875 2  0
back 1501614608 1098.94702148438 495.393157958984 1  0
n 1501614609 824.006591796875 521.093444824219 2  0
v 1501614610 644.778747558594 519.698486328125 1  0
i 1501614610 915.730712890625 291.181701660156 1  0
r 1501614611 493.999877929688 300.726501464844 1  0
o 1501614611 1023.41473388672 302.414093017578 1  0
n 1501614612 874.905883789062 504.308074951172 3  0
m 1501614612 976.616394042969 502.143402099609 1  0
e 1501614613 365.277862548828 279.220581054688 1  0
n 1501614613 865.516357421875 520.431823730469 2  0
t 1501614614 608.474670410156 283.336059570312 1  0
