h 1501614275 775.900390625 395.698822021484 1  0
a 1501614276 226.434448242188 397.542877197266 1  0
v 1501614277 630.558349609375 504.467132568359 1  0
v 1501614277 634.154846191406 505.881622314453 1  0
e 1501614277 356.872955322266 294.665100097656 1  0
back 1501614278 1113.82946777344 497.420349121094 1  0
back 1501614279 1108.79321289062 488.100708007812 2  0
e 1501614280 365.814971923828 279.349975585938 1  0
a 1501614281 219.053192138672 395.218505859375 1  0
back 1501614282 1104.63049316406 494.928894042969 2  0
back 1501614282 1108.07495117188 494.647521972656 1  0
e 1501614283 365.095825195312 305.260406494141 1  0
space 1501614283 626.885559082031 607.26416015625 1  0
a 1501614284 204.20458984375 394.713348388672 1  0
space 1501614285 666.337951660156 611.850891113281 1  0
g 1501614286 631.681274414062 407.004211425781 1  0
o 1501614287 1034.85498046875 294.725891113281 1  0
o 1501614287 1032.18884277344 305.325988769531 1  0
d 1501614289 393.344024658203 402.970336914062 1  0
d 1501614289 395.322052001953 394.885528564453 1  0
back 1501614290 1133.35925292969 499.067565917969 2  0
space 1501614290 715.228088378906 583.082275390625 1  0
w 1501614291 272.672821044922 297.775848388672 1  0
e 1501614291 368.871887207031 301.135681152344 1  0
e 1501614291 370.637908935547 301.337219238281 1  0
k 1501614292 943.602661132812 406.887542724609 1  0
e 1501614292 357.876983642578 299.438995361328 1  0
d 1501614294 405.565521240234 399.901489257812 2  0
back 1501614295 1118.80383300781 480.620971679688 1  0
back 1501614295 1119.92700195312 477.111633300781 2  0
e 1501614296 359.731750488281 286.621398925781 1  0
e 1501614296 376.831451416016 284.693511962891 1  0
back 1501614297 1120.78820800781 500.094299316406 1  0
n 1501614299 855.556213378906 515.275390625 1  0
d 1501614299 419.54736328125 389.968933105469 1  0
d 1501614299 417.335479736328 399.280487060547 2  0
back 1501614300 1123.10144042969 519.34423828125 3  0
