t 1501614335 606.6357421875 291.811096191406 1  0
h 1501614335 747.089538574219 394.447235107422 1  0
e 1501614336 373.572998046875 287.044464111328 1  0
space 1501614336 655.14990234375 583.904907226562 1  0
space 1501614337 658.378723144531 596.549926757812 1  0
s 1501614337 278.098266601562 378.817474365234 1  0
u 1501614337 804.501159667969 292.701354980469 1  0
m 1501614340 984.721130371094 516.835388183594 3  0
space 1501614340 609.374267578125 619.5458984375 1  0
o 1501614341 1033.73376464844 284.775939941406 1  0
f 1501614342 521.108032226562 405.574798583984 1  0
space 1501614342 698.101501464844 602.137023925781 1  0
t 1501614342 582.684143066406 310.240081787109 1  0
h 1501614343 746.760009765625 390.688018798828 1  0
e 1501614343 367.105865478516 300.934143066406 1  0
space 1501614344 681.89892578125 598.7060546875 1  0
p 1501614344 1150.11169433594 293.738861083984 1  0
a 1501614345 218.092147827148 407.530822753906 1  0
r 1501614345 492.060424804688 289.615631103516 1  0
t 1501614345 580.783569335938 280.409149169922 1  0
s 1501614346 304.852935791016 400.240478515625 1  0
