t 1501614394 590.779846191406 284.618011474609 1  0
e 1501614395 360.964111328125 274.538848876953 1  0
back 1501614395 1141.38549804688 495.169555664062 1  0
h 1501614396 762.232604980469 378.571441650391 1  0
e 1501614397 355.643402099609 287.651977539062 1  0
space 1501614397 674.733337402344 595.895324707031 1  0
p 1501614399 1104.70544433594 297.813934326172 1  0
p 1501614399 1100.50354003906 304.558715820312 1  0
back 1501614400 1130.77563476562 483.059509277344 1  0
r 1501614400 483.701995849609 288.048004150391 1  0
i 1501614401 910.422119140625 294.561767578125 1  0
i 1501614401 903.205993652344 291.691253662109 1  0
back 1501614403 1116.5849609375 497.195281982422 2  0
c 1501614403 569.451843261719 529.266479492188 1  0
e 1501614404 373.935546875 288.923675537109 2  0
space 1501614406 574.953063964844 633.53515625 0  0
space 1501614407 545.198913574219 605.609252929688 0  0
o 1501614407 1031.19909667969 285.850189208984 1  0
d 1501614408 448.812042236328 420.446350097656 1  0
back 1501614409 1121.85375976562 493.521942138672 1  0
f 1501614410 525.457397460938 387.310882568359 2  0
space 1501614411 716.562194824219 599.953186035156 1  0
g 1501614411 652.870483398438 400.966583251953 1  0
a 1501614413 241.789291381836 404.553192138672 1  0
s 1501614414 315.759185791016 399.690246582031 1  0
space 1501614415 719.720031738281 615.977783203125 1  0
i 1501614415 914.638793945312 294.907958984375 1  0
s 1501614416 319.476623535156 405.413391113281 1  0
space 1501614416 730.837463378906 608.968078613281 1  0
h 1501614417 758.978454589844 403.106079101562 1  0
i 1501614417 907.473449707031 309.687805175781 1  0
g 1501614418 637.456481933594 405.498840332031 2  0
h 1501614418 732.084777832031 389.997802734375 1  0
h 1501614418 742.2685546875 395.014465332031 1  0
back 1501614419 1143.72265625 507.944305419922 2  0
