c 1501614619 535.986633300781 479.706115722656 1  0
o 1501614619 1028.61486816406 301.987030029297 1  0
m 1501614620 959.563293457031 484.065887451172 1  0
p 1501614620 1128.27307128906 300.376037597656 1  0
m 1501614620 933.263488769531 463.468475341797 2  0
back 1501614624 1124.43334960938 477.085174560547 2  0
a 1501614624 225.111633300781 383.340026855469 1  0
n 1501614625 862.5888671875 526.808898925781 3  0
i 1501614626 937.284240722656 285.772857666016 2  0
e 1501614626 378.313812255859 294.288970947266 1  0
s 1501614626 329.961975097656 399.041778564453 1  0
space 1501614627 668.682312011719 607.249816894531 1  0
a 1501614627 194.397186279297 400.688934326172 2  0
n 1501614627 846.1083984375 499.831085205078 1  0
n 1501614628 855.369934082031 515.119934082031 3  0
o 1501614628 1024.47802734375 293.674377441406 1  0
u 1501614629 835.544616699219 292.401916503906 1  0
n 1501614629 848.620910644531 463.886871337891 1  0
c 1501614630 512.81494140625 491.356994628906 1  0
e 1501614630 381.841796875 299.895416259766 1  0
space 1501614631 568.412414550781 591.659912109375 1  0
a 1501614631 198.346832275391 396.917877197266 1  0
space 1501614632 581.97509765625 610.925537109375 1  0
n 1501614632 893.502624511719 515.416931152344 2  0
back 1501614633 1124.40454101562 499.798950195312 2  0
m 1501614633 993.395690917969 510.498962402344 3  0
e 1501614634 349.582061767578 296.825988769531 1  0
r 1501614634 464.807769775391 296.712951660156 1  0
g 1501614634 644.867797851562 399.041595458984 1  0
g 1501614634 635.495971679688 403.079132080078 1  0
e 1501614635 370.738586425781 274.429168701172 1  0
r 1501614635 477.764007568359 278.992156982422 1  0
back 1501614635 1109.20922851562 491.311157226562 2  0
back 1501614635 1119.54443359375 490.466796875 1  0
back 1501614636 1104.04174804688 491.733306884766 2  0
e 1501614636 397.391265869141 275.361877441406 1  0
r 1501614636 463.742492675781 280.319488525391 1  0
