t 1501614642 567.449645996094 296.593414306641 1  0
i 1501614643 958.898010253906 300.619323730469 1  0
k 1501614643 992.15966796875 409.781982421875 1  0
e 1501614643 367.909423828125 284.559753417969 2  0
back 1501614644 1116.09924316406 490.748260498047 1  0
back 1501614644 1141.38549804688 495.169555664062 1  0
c 1501614647 546.773986816406 498.328125 1  0
k 1501614647 983.534851074219 371.276184082031 1  0
e 1501614648 372.709564208984 311.566558837891 1  0
t 1501614649 584.517639160156 303.681091308594 1  0
s 1501614649 308.843505859375 413.688018798828 1  0
space 1501614649 612.125183105469 602.697937011719 1  0
a 1501614649 211.190338134766 390.001953125 2  0
r 1501614650 493.134185791016 304.436981201172 1  0
e 1501614650 387.9541015625 299.912963867188 1  0
space 1501614650 612.978637695312 591.422119140625 1  0
v 1501614651 664.091796875 524.434020996094 1  0
e 1501614651 352.665496826172 306.629302978516 1  0
r 1501614651 473.493103027344 307.091461181641 1  0
y 1501614651 681.867309570312 309.187469482422 2  0
space 1501614652 643.8544921875 588.90380859375 1  0
e 1501614652 386.694213867188 296.027862548828 1  0
x 1501614654 430.231719970703 498.112609863281 1  0
p 1501614655 1142.02331542969 288.173065185547 2  0
e 1501614656 377.516571044922 295.04833984375 1  0
n 1501614657 846.940185546875 521.949035644531 3  0
s 1501614657 320.809875488281 394.623870849609 2  0
i 1501614658 905.336975097656 287.878662109375 2  0
v 1501614659 649.727478027344 509.391479492188 1  0
e 1501614659 377.970092773438 290.847473144531 1  0
