s 1501614511 316.439697265625 379.120330810547 1  0
t 1501614512 593.4013671875 290.298736572266 3  0
t 1501614512 575.915588378906 301.269622802734 2  0
a 1501614512 204.886016845703 392.933410644531 1  0
back 1501614513 1138.90209960938 508.337921142578 2  0
back 1501614513 1141.93884277344 488.637268066406 1  0
a 1501614514 209.874618530273 385.798309326172 1  0
b 1501614515 739.446533203125 524.589538574219 2  0
i 1501614515 897.910034179688 280.344818115234 1  0
l 1501614516 1067.70104980469 383.998748779297 1  0
i 1501614516 910.35302734375 306.510314941406 1  0
t 1501614517 599.651794433594 305.035369873047 1  0
y 1501614517 719.656066894531 292.57177734375 1  0
space 1501614518 695.970153808594 588.050415039062 1  0
o 1501614519 1035.0810546875 277.389099121094 1  0
f 1501614519 517.842529296875 409.627685546875 1  0
space 1501614520 661.045043945312 584.103759765625 1  0
t 1501614520 615.408935546875 286.581481933594 1  0
h 1501614521 731.900207519531 401.713714599609 1  0
e 1501614521 380.303405761719 296.727081298828 1  0
space 1501614522 643.753662109375 599.100524902344 1  0
b 1501614522 740.44873046875 508.466064453125 1  0
back 1501614523 1128.05444335938 493.015411376953 2  0
n 1501614523 866.0283203125 526.528076171875 3  0
a 1501614523 172.535171508789 385.068756103516 1  0
t 1501614524 602.8740234375 273.732635498047 1  0
o 1501614525 1027.54736328125 299.4794921875 1  0
back 1501614526 1151.98645019531 507.26953125 2  0
i 1501614526 923.979553222656 285.307098388672 1  0
o 1501614526 1020.01275634766 299.060180664062 1  0
n 1501614527 878.348022460938 504.026824951172 3  0
