q 1501614664 180.254928588867 300.695709228516 1  0
u 1501614665 794.872497558594 280.147644042969 1  0
e 1501614667 378.516510009766 278.825561523438 1  0
s 1501614668 330.559356689453 411.734985351562 1  0
t 1501614669 590.859619140625 285.478698730469 1  0
i 1501614669 882.581787109375 289.229095458984 1  0
o 1501614669 1000.89324951172 291.110870361328 1  0
n 1501614670 853.591369628906 518.676940917969 1  0
space 1501614671 722.4873046875 594.7177734375 1  0
t 1501614671 596.126098632812 289.554504394531 1  0
h 1501614671 722.287353515625 409.036041259766 1  0
a 1501614672 241.078887939453 412.705108642578 1  0
t 1501614673 595.390380859375 277.819396972656 1  0
space 1501614673 686.239196777344 602.764709472656 1  0
m 1501614674 985.227905273438 488.461639404297 1  0
u 1501614674 791.653381347656 297.567993164062 1  0
s 1501614674 311.275756835938 413.660614013672 2  0
t 1501614675 605.479553222656 307.673828125 1  0
space 1501614675 602.263671875 609.950134277344 1  0
b 1501614676 759.430114746094 535.233032226562 3  0
e 1501614676 380.752807617188 297.730651855469 1  0
space 1501614676 636.548034667969 607.155090332031 1  0
a 1501614677 229.885467529297 397.259674072266 1  0
n 1501614677 842.867553710938 506.584442138672 1  0
s 1501614677 317.205505371094 410.420349121094 2  0
e 1501614678 332.265167236328 298.250579833984 1  0
back 1501614678 1127.8486328125 499.517669677734 2  0
w 1501614679 287.119445800781 299.015869140625 2  0
e 1501614679 335.031036376953 291.083465576172 2  0
r 1501614679 468.141967773438 289.674957275391 1  0
e 1501614680 361.550567626953 287.339538574219 1  0
d 1501614680 411.728637695312 416.435302734375 2  0
