w 1501614470 263.963745117188 276.095855712891 2  0
i 1501614471 907.959411621094 277.265258789062 1  0
t 1501614471 601.528503417969 287.549621582031 1  0
h 1501614471 748.086486816406 374.046234130859 1  0
space 1501614472 722.479248046875 606.257263183594 1  0
e 1501614472 359.506439208984 287.854766845703 1  0
a 1501614473 228.318389892578 374.103393554688 1  0
c 1501614474 521.240966796875 506.911651611328 1  0
h 1501614474 750.046203613281 378.537231445312 1  0
space 1501614475 670.886596679688 612.497680664062 1  0
s 1501614475 316.669342041016 383.068603515625 1  0
t 1501614475 588.660827636719 305.072784423828 1  0
e 1501614476 371.397521972656 305.435424804688 1  0
p 1501614476 1158.04809570312 290.145294189453 1  0
space 1501614477 727.726501464844 603.115356445312 1  0
f 1501614477 536.926391601562 394.465698242188 1  0
o 1501614478 1048.75354003906 291.68017578125 1  0
r 1501614478 475.219665527344 299.670806884766 1  0
w 1501614479 272.245849609375 312.203399658203 1  0
a 1501614479 201.08039855957 394.797393798828 1  0
r 1501614479 479.604675292969 294.455535888672 1  0
r 1501614480 487.395233154297 306.468322753906 1  0
d 1501614480 423.002349853516 403.80908203125 1  0
back 1501614481 1127.33447265625 515.760681152344 1  0
back 1501614481 1094.74877929688 501.709197998047 3  0
d 1501614482 421.572509765625 410.466766357422 1  0
