c 1501614257 507.928466796875 498.256256103516 2  0
a 1501614257 235.722579956055 406.428863525391 3  0
l 1501614258 1090.025390625 398.502655029297 1  0
l 1501614259 1098.41931152344 394.549865722656 1  0
space 1501614259 758.04052734375 606.072509765625 1  0
f 1501614260 534.010437011719 411.398620605469 2  0
o 1501614260 1030.45349121094 294.222015380859 1  0
r 1501614261 478.532165527344 294.197021484375 3  0
space 1501614261 691.891906738281 584.985656738281 1  0
n 1501614262 878.125854492188 497.214477539062 1  0
back 1501614263 1139.04638671875 482.383697509766 2  0
m 1501614264 981.005737304688 505.027587890625 1  0
o 1501614264 1035.28198242188 306.974487304688 1  0
r 1501614265 462.695861816406 296.539855957031 1  0
e 1501614266 367.003784179688 296.43359375 1  0
space 1501614267 665.156005859375 610.251220703125 1  0
d 1501614267 410.077911376953 413.818206787109 1  0
e 1501614267 381.080444335938 299.264495849609 2  0
t 1501614268 561.736328125 313.866455078125 1  0
a 1501614268 202.841674804688 401.546875 2  0
i 1501614269 921.268127441406 294.882659912109 2  0
l 1501614270 1071.95739746094 382.789855957031 1  0
l 1501614270 1066.52807617188 386.846801757812 1  0
back 1501614271 1109.29309082031 510.755584716797 1  0
s 1501614271 322.206115722656 408.288696289062 1  0
