t 1501614449 565.343200683594 266.576416015625 1  0
i 1501614450 926.893920898438 286.800048828125 1  0
i 1501614450 926.893920898438 286.800048828125 2  0
n 1501614451 869.86279296875 497.889770507812 1  0
e 1501614451 340.747741699219 292.348327636719 1  0
back 1501614452 1139.17431640625 521.269653320312 2  0
back 1501614452 1135.49462890625 513.730895996094 1  0
back 1501614452 1157.44409179688 487.370574951172 1  0
n 1501614453 909.852783203125 478.385284423828 2  0
back 1501614453 1122.57507324219 486.974700927734 1  0
m 1501614454 956.471557617188 497.301879882812 1  0
e 1501614455 370.547210693359 276.008117675781 2  0
space 1501614456 740.684753417969 612.913146972656 1  0
t 1501614457 590.833190917969 275.764587402344 1  0
o 1501614459 1047.23388671875 253.845626831055 1  0
space 1501614459 722.573364257812 601.499389648438 0  0
g 1501614460 632.5185546875 389.553527832031 1  0
o 1501614460 1029.0595703125 265.055633544922 1  0
space 1501614461 750.146057128906 604.6806640625 1  0
s 1501614461 325.091705322266 395.651031494141 2  0
h 1501614462 742.245239257812 404.649444580078 1  0
o 1501614462 1048.22277832031 284.797821044922 1  0
p 1501614463 1139.35607910156 280.427612304688 1  0
p 1501614463 1135.88610839844 280.712677001953 1  0
i 1501614464 919.315612792969 266.620208740234 1  0
n 1501614465 860.812744140625 495.383880615234 1  0
g 1501614466 634.981079101562 395.549530029297 1  0
