t 1501614571 589.876220703125 293.709350585938 1  0
h 1501614571 750.214782714844 390.40478515625 1  0
i 1501614572 914.025085449219 291.668151855469 2  0
space 1501614572 686.584167480469 587.457092285156 1  0
back 1501614573 1104.32946777344 504.679962158203 2  0
s 1501614575 317.69677734375 403.320678710938 1  0
space 1501614576 675.3740234375 612.471130371094 1  0
p 1501614577 1134.44262695312 289.488037109375 2  0
m 1501614577 931.680419921875 499.327545166016 1  0
e 1501614578 359.626983642578 292.530090332031 1  0
back 1501614578 1123.27355957031 519.330200195312 1  0
back 1501614578 1119.54443359375 490.466796875 1  0
e 1501614579 373.096557617188 301.481689453125 1  0
r 1501614579 474.953826904297 296.918762207031 2  0
s 1501614580 316.690826416016 373.060729980469 1  0
o 1501614580 1047.68298339844 300.420959472656 1  0
n 1501614582 857.448547363281 515.120788574219 1  0
space 1501614582 748.065490722656 606.54638671875 1  0
s 1501614583 331.084777832031 379.298156738281 1  0
back 1501614584 1113.5458984375 484.467346191406 1  0
i 1501614585 906.590087890625 275.470794677734 1  0
s 1501614585 323.792694091797 391.449279785156 1  0
space 1501614586 700.537780761719 606.179870605469 1  0
a 1501614586 204.397552490234 378.483917236328 1  0
space 1501614586 693.202819824219 597.61474609375 1  0
d 1501614586 411.109100341797 406.678009033203 1  0
i 1501614587 928.414123535156 301.219757080078 1  0
s 1501614587 328.771362304688 399.311676025391 2  0
a 1501614588 205.867645263672 389.059295654297 1  0
s 1501614588 305.563598632812 402.076934814453 1  0
t 1501614589 621.444519042969 304.802825927734 1  0
e 1501614589 382.628326416016 292.025695800781 1  0
r 1501614589 467.459686279297 309.666534423828 1  0
