t 1501614487 605.042175292969 287.780883789062 1  0
h 1501614488 753.18017578125 376.557464599609 1  0
e 1501614489 347.048583984375 278.636962890625 1  0
space 1501614489 660.086669921875 626.598754882812 0  0
s 1501614489 295.817352294922 378.398071289062 1  0
e 1501614490 371.990692138672 297.410888671875 1  0
o 1501614491 1024.42346191406 290.735870361328 1  0
back 1501614491 1127.57116699219 486.566497802734 1  0
c 1501614492 544.499145507812 501.762329101562 1  0
o 1501614493 1012.13909912109 292.091369628906 1  0
n 1501614493 837.573059082031 497.283294677734 1  0
d 1501614494 423.978393554688 399.596649169922 1  0
space 1501614494 724.802734375 601.317687988281 1  0
l 1501614495 1054.27807617188 394.899841308594 1  0
a 1501614495 184.84196472168 378.018707275391 1  0
r 1501614496 497.497680664062 286.219299316406 1  0
g 1501614496 647.565063476562 401.917633056641 1  0
e 1501614497 351.227111816406 295.823364257812 1  0
s 1501614497 331.377288818359 399.270202636719 1  0
t 1501614498 603.740905761719 273.661315917969 1  0
c 1501614499 539.091186523438 508.698883056641 1  0
o 1501614499 1037.14916992188 286.054077148438 1  0
u 1501614499 847.765197753906 298.671356201172 1  0
back 1501614500 1100.0078125 488.818511962891 1  0
back 1501614500 1120.64196777344 477.39501953125 1  0
space 1501614501 597.555358886719 607.619323730469 1  0
back 1501614501 1113.7890625 487.692535400391 1  0
back 1501614501 1124.12561035156 486.848022460938 1  0
space 1501614502 602.834045410156 623.469116210938 1  0
c 1501614502 541.268493652344 498.778381347656 1  0
o 1501614503 1020.74761962891 301.768157958984 1  0
u 1501614503 828.860900878906 300.051635742188 1  0
n 1501614503 841.0869140625 493.75 1  0
r 1501614504 521.104614257812 295.723999023438 1  0
back 1501614505 1112.14831542969 507.282287597656 2  0
t 1501614505 608.757995605469 282.618957519531 1  0
r 1501614505 495.723602294922 284.109680175781 1  0
y 1501614506 702.641845703125 305.402618408203 1  0
