t 1501614552 588.47216796875 278.56201171875 1  0
h 1501614553 770.939575195312 414.674560546875 1  0
e 1501614553 340.989654541016 291.287353515625 1  0
space 1501614553 657.916870117188 604.734313964844 1  0
i 1501614554 900.418090820312 291.747192382812 1  0
back 1501614555 1090.70849609375 466.848419189453 1  0
l 1501614555 1084.20104980469 408.770690917969 1  0
i 1501614557 901.378601074219 280.059692382812 1  0
b 1501614558 739.072326660156 508.578552246094 1  0
r 1501614558 490.840789794922 298.732788085938 1  0
a 1501614558 191.215927124023 390.434539794922 1  0
r 1501614559 468.791656494141 287.366241455078 1  0
y 1501614559 707.73193359375 303.772186279297 1  0
space 1501614560 643.391357421875 604.561096191406 1  0
i 1501614561 906.645080566406 269.743530273438 2  0
s 1501614561 329.493499755859 396.151397705078 1  0
space 1501614561 689.598754882812 592.136352539062 1  0
c 1501614562 554.187133789062 510.710723876953 1  0
l 1501614562 1076.46447753906 373.472290039062 1  0
o 1501614562 1020.31439208984 289.515228271484 2  0
s 1501614563 305.057830810547 419.160736083984 2  0
e 1501614563 370.827362060547 303.228759765625 1  0
d 1501614563 426.172027587891 413.014709472656 2  0
space 1501614563 677.743225097656 611.938842773438 1  0
t 1501614564 603.607482910156 310.078826904297 2  0
o 1501614564 1035.06848144531 301.975952148438 1  0
d 1501614565 431.182952880859 416.216400146484 1  0
a 1501614565 241.803131103516 394.730377197266 2  0
y 1501614565 714.09375 308.616607666016 2  0
