s 1501687678 389.893005371094 437.599945068359 1  0
t 1501687679 604.404052734375 350.922302246094 2  0
a 1501687679 277.573059082031 427.164520263672 1  0
b 1501687680 762.798095703125 547.027893066406 1  0
i 1501687680 853.880676269531 359.988861083984 1  0
l 1501687681 1004.39166259766 435.489624023438 1  0
i 1501687681 862.40087890625 349.416564941406 1  0
t 1501687682 623.308227539062 365.824920654297 1  0
y 1501687682 685.456787109375 360.704223632812 2  0
space 1501687688 630.358093261719 600.970825195312 1  0
o 1501687694 968.20458984375 368.049865722656 1  0
f 1501687695 571.577209472656 425.925445556641 1  0
space 1501687695 616.2470703125 580.435241699219 1  0
t 1501687696 608.342529296875 363.767333984375 2  0
h 1501687696 728.6220703125 419.558776855469 1  0
e 1501687697 452.104736328125 333.812438964844 1  0
space 1501687698 740.773193359375 598.232421875 1  0
n 1501687699 813.049072265625 515.487915039062 1  0
a 1501687699 294.069213867188 432.369140625 1  0
t 1501687700 612.296142578125 353.565277099609 2  0
o 1501687700 926.50146484375 337.724334716797 1  0
back 1501687701 1011.62921142578 539.444885253906 1  0
back 1501687701 1000.40393066406 504.219085693359 1  0
i 1501687702 851.041809082031 363.511383056641 1  0
back 1501687703 1011.0439453125 525.283325195312 1  0
t 1501687703 601.072143554688 354.490325927734 1  0
i 1501687704 880.208129882812 354.530548095703 1  0
o 1501687704 951.185302734375 372.564147949219 1  0
n 1501687705 826.170837402344 537.888427734375 1  0
