p 1501687769 1046.74926757812 340.811248779297 1  0
l 1501687769 992.234985351562 417.533813476562 1  0
e 1501687770 432.237762451172 335.450897216797 1  0
e 1501687770 426.430847167969 329.331085205078 1  0
back 1501687771 1010.75274658203 523.765625 1  0
a 1501687772 280.654907226562 430.192474365234 1  0
s 1501687773 380.163055419922 428.56201171875 1  0
e 1501687773 427.128021240234 345.765441894531 1  0
space 1501687773 524.010437011719 606.619262695312 1  0
space 1501687773 527.55908203125 603.938171386719 1  0
f 1501687775 555.289916992188 433.822357177734 1  0
f 1501687777 556.415832519531 427.173248291016 1  0
f 1501687777 535.053344726562 428.931396484375 1  0
back 1501687778 1019.38397216797 503.518096923828 1  0
back 1501687778 1011.83392333984 513.224853515625 3  0
o 1501687778 964.936767578125 344.260131835938 1  0
l 1501687779 983.698608398438 421.511688232422 1  0
o 1501687780 941.870422363281 342.869140625 1  0
o 1501687780 925.5400390625 340.922729492188 2  0
back 1501687780 1021.67340087891 477.241241455078 1  0
back 1501687781 1008.74536132812 491.352661132812 1  0
l 1501687781 992.49755859375 414.235931396484 1  0
o 1501687781 969.5986328125 350.456878662109 1  0
e 1501687782 422.572235107422 352.733123779297 1  0
e 1501687782 395.496307373047 351.669769287109 1  0
space 1501687783 734.397277832031 590.390563964844 2  0
back 1501687784 991.425476074219 522.097290039062 2  0
back 1501687784 1014.74542236328 528.404663085938 3  0
back 1501687786 1033.35803222656 518.655334472656 2  0
w 1501687787 355.148773193359 348.403778076172 1  0
space 1501687787 592.24267578125 597.608947753906 1  0
t 1501687790 603.662231445312 354.27685546875 1  0
h 1501687790 740.966552734375 421.821136474609 1  0
h 1501687790 742.90478515625 428.21630859375 1  0
back 1501687791 1008.34698486328 523.963134765625 1  0
g 1501687792 631.111022949219 447.239044189453 1  0
e 1501687792 430.030242919922 348.822479248047 2  0
back 1501687793 1005.98291015625 498.100280761719 3  0
back 1501687793 971.781982421875 523.0244140625 2  0
e 1501687794 436.659423828125 325.186950683594 2  0
n 1501687795 821.139282226562 519.1103515625 4  0
back 1501687796 975.293334960938 519.309387207031 1  0
v 1501687797 651.852966308594 543.805480957031 1  0
b 1501687797 733.947509765625 545.286804199219 1  0
back 1501687798 1006.0732421875 523.635864257812 2  0
back 1501687798 1015.27380371094 526.306274414062 2  0
space 1501687800 651.54931640625 586.937683105469 1  0
g 1501687801 653.31982421875 435.586822509766 1  0
u 1501687802 787.993713378906 362.126983642578 2  0
u 1501687802 784.817932128906 349.225799560547 2  0
back 1501687803 1017.04370117188 513.482666015625 3  0
i 1501687804 839.456420898438 334.843566894531 1  0
d 1501687804 432.842895507812 427.505798339844 1  0
e 1501687805 429.478637695312 352.163726806641 1  0
l 1501687807 1007.04010009766 429.415161132812 1  0
i 1501687808 878.732482910156 351.361938476562 2  0
n 1501687808 804.316284179688 530.946472167969 1  0
e 1501687809 444.951293945312 340.998657226562 1  0
s 1501687810 358.897613525391 440.151062011719 1  0
