t 1501687264 568.897094726562 335.464263916016 1  0
j 1501687265 781.629577636719 389.636535644531 1  0
j 1501687265 778.179321289062 389.920623779297 1  0
e 1501687265 415.882598876953 366.460571289062 2  0
back 1501687268 1015.5888671875 510.345336914062 1  0
back 1501687269 1002.51434326172 517.931579589844 2  0
back 1501687269 999.85498046875 514.893737792969 3  0
back 1501687269 1013.68591308594 517.014526367188 1  0
t 1501687270 631.766540527344 365.128021240234 2  0
h 1501687271 758.624084472656 433.475128173828 1  0
e 1501687273 423.674133300781 346.050231933594 1  0
space 1501687274 566.148376464844 563.509887695312 1  0
p 1501687275 1032.12377929688 351.885345458984 1  0
o 1501687275 949.216247558594 358.713745117188 1  0
e 1501687277 451.199127197266 353.668243408203 2  0
back 1501687277 995.763305664062 489.157684326172 2  0
w 1501687278 361.870880126953 328.055480957031 1  0
e 1501687279 442.739013671875 354.365661621094 1  0
r 1501687279 485.292816162109 344.26611328125 2  0
space 1501687280 579.825561523438 565.638549804688 1  0
space 1501687280 592.13623046875 594.543701171875 1  0
o 1501687280 927.713195800781 357.196197509766 1  0
d 1501687281 488.066284179688 429.519592285156 1  0
back 1501687282 1025.79602050781 519.276062011719 3  0
f 1501687283 569.652465820312 416.243927001953 1  0
space 1501687284 631.128601074219 574.940673828125 1  0
d 1501687284 485.176910400391 426.477874755859 1  0
e 1501687285 434.035919189453 345.195861816406 1  0
b 1501687285 743.904724121094 516.364013671875 1  0
back 1501687286 998.751220703125 505.212280273438 1  0
n 1501687286 807.420837402344 514.406555175781 1  0
i 1501687287 864.62841796875 342.6494140625 1  0
v 1501687287 622.405090332031 545.1953125 0  0
a 1501687287 291.255004882812 442.440032958984 1  0
back 1501687288 1045.42565917969 504.638031005859 3  0
back 1501687288 1017.49249267578 503.673431396484 1  0
a 1501687289 295.427001953125 435.537750244141 1  0
l 1501687290 997.716613769531 443.270263671875 2  0
