a 1501687507 322.360473632812 412.935668945312 1  0
p 1501687508 1001.42791748047 375.17041015625 4  0
back 1501687509 1026.63903808594 534.619201660156 4  0
back 1501687509 1024.79052734375 524.155090332031 4  0
l 1501687509 1001.93280029297 399.484527587891 3  0
p 1501687509 1064.46411132812 372.573852539062 4  0
back 1501687510 1050.17956542969 512.476318359375 4  0
back 1501687510 1049.65270996094 510.120056152344 4  0
a 1501687512 309.775054931641 405.154113769531 1  0
space 1501687513 646.740844726562 565.963989257812 1  0
p 1501687514 1003.69049072266 305.865112304688 4  0
h 1501687514 710.140869140625 398.632843017578 1  0
r 1501687515 503.543334960938 362.701538085938 1  0
o 1501687516 928.642456054688 318.8203125 4  0
n 1501687516 826.679809570312 521.226928710938 4  0
back 1501687517 982.259460449219 506.737884521484 4  0
back 1501687518 1009.98510742188 520.573852539062 4  0
back 1501687518 1039.33557128906 515.423034667969 4  0
back 1501687519 1036.42761230469 513.605285644531 4  0
r 1501687520 541.819702148438 336.30859375 2  0
o 1501687522 952.850524902344 316.824829101562 4  0
m 1501687522 864.233215332031 496.185089111328 4  0
back 1501687524 996.668884277344 533.826110839844 1  0
b 1501687525 727.231567382812 515.674987792969 1  0
l 1501687525 975.665588378906 462.632110595703 4  0
l 1501687525 968.657287597656 452.887603759766 4  0
j 1501687526 848.425109863281 462.082794189453 2  0
back 1501687527 1006.30493164062 539.881774902344 1  0
e 1501687528 445.506500244141 346.852600097656 1  0
back 1501687528 1007.29205322266 530.38623046875 1  0
back 1501687528 1004.68737792969 528.031433105469 1  0
back 1501687529 1001.25109863281 528.3134765625 1  0
l 1501687530 990.067199707031 425.296966552734 1  0
e 1501687530 441.467163085938 350.134704589844 1  0
m 1501687531 886.312255859375 539.629943847656 4  0
space 1501687532 675.44677734375 579.8515625 4  0
w 1501687538 331.608795166016 344.444274902344 1  0
i 1501687538 856.850830078125 345.369598388672 1  0
t 1501687539 590.473937988281 358.483123779297 4  0
g 1501687539 662.368347167969 420.179138183594 4  0
h 1501687539 696.911193847656 426.136291503906 4  0
back 1501687540 977.429870605469 535.404968261719 1  0
back 1501687541 976.388671875 478.384948730469 1  0
h 1501687541 708.455383300781 411.207458496094 1  0
b 1501687542 746.328552246094 532.451599121094 2  0
back 1501687543 1015.79077148438 537.39208984375 1  0
t 1501687544 604.878112792969 348.456176757812 4  0
back 1501687545 985.261169433594 518.491088867188 1  0
space 1501687545 730.01318359375 591.603820800781 1  0
t 1501687546 595.572143554688 361.008514404297 1  0
g 1501687546 677.515197753906 442.387969970703 1  0
m 1501687547 924.570007324219 495.176971435547 1  0
back 1501687547 1011.69262695312 529.1689453125 1  0
back 1501687550 1006.71484375 540.703735351562 1  0
h 1501687551 711.557800292969 424.931121826172 1  0
e 1501687551 430.522399902344 353.985382080078 1  0
v 1501687553 624.546264648438 551.698425292969 2  0
back 1501687553 996.644775390625 500.411163330078 2  0
b 1501687555 763.096130371094 516.160034179688 3  0
space 1501687555 645.5703125 597.333374023438 1  0
back 1501687556 996.893615722656 496.959442138672 2  0
back 1501687556 1006.54058837891 503.029113769531 2  0
space 1501687557 613.588500976562 606.442077636719 1  0
e 1501687559 429.153961181641 330.495910644531 1  0
n 1501687560 828.922607421875 504.577728271484 1  0
i 1501687561 847.451354980469 357.921600341797 1  0
back 1501687562 1008.47576904297 514.528869628906 1  0
back 1501687562 997.860595703125 518.142333984375 1  0
g 1501687563 655.133239746094 397.286224365234 1  0
back 1501687564 1016.56658935547 502.891937255859 1  0
n 1501687565 801.250793457031 523.314880371094 1  0
g 1501687566 657.718811035156 402.948638916016 1  0
i 1501687567 850.905151367188 357.637084960938 1  0
n 1501687567 801.122680664062 525.896423339844 1  0
d 1501687568 467.283233642578 393.217742919922 4  0
back 1501687569 1026.01550292969 475.166656494141 1  0
e 1501687571 407.190002441406 337.516632080078 1  0
