w 1501687617 360.621032714844 354.545227050781 1  0
i 1501687618 872.292297363281 332.137359619141 1  0
t 1501687618 585.136596679688 336.034088134766 1  0
h 1501687619 726.898559570312 419.700592041016 1  0
space 1501687619 694.510803222656 621.808898925781 1  0
e 1501687620 446.953308105469 347.427185058594 1  0
e 1501687620 403.735290527344 337.801544189453 1  0
a 1501687620 299.17724609375 403.432647705078 1  0
back 1501687621 1027.04284667969 499.630340576172 1  0
back 1501687621 1030.38854980469 502.614501953125 1  0
a 1501687622 321.490325927734 418.192321777344 1  0
c 1501687623 586.749267578125 522.067077636719 1  0
h 1501687623 716.088684082031 427.145721435547 1  0
space 1501687623 644.055603027344 586.185668945312 1  0
s 1501687624 392.986114501953 421.116455078125 1  0
t 1501687625 589.036865234375 329.117340087891 1  0
r 1501687625 534.177856445312 327.043792724609 1  0
r 1501687625 496.375335693359 326.861938476562 1  0
back 1501687626 1016.72503662109 500.477600097656 1  0
back 1501687626 1026.94958496094 502.896881103516 1  0
e 1501687627 414.003509521484 346.847625732422 1  0
p 1501687628 1062.05407714844 336.25927734375 1  0
enter 1501687628 865.841735839844 561.839782714844 1  0
space 1501687628 736.20751953125 613.277038574219 1  0
f 1501687629 568.03662109375 432.7734375 1  0
o 1501687629 948.352722167969 358.784851074219 1  0
e 1501687630 464.432495117188 342.689514160156 1  0
r 1501687630 482.127838134766 334.635131835938 1  0
back 1501687631 1000.19873046875 514.865539550781 1  0
back 1501687631 1005.1025390625 511.206268310547 1  0
back 1501687632 1017.50518798828 497.154052734375 1  0
back 1501687633 1035.48571777344 492.417297363281 1  0
back 1501687633 1020.27014160156 490.406097412109 1  0
space 1501687634 649.088500976562 586.456176757812 1  0
back 1501687634 1051.90295410156 494.329254150391 2  0
back 1501687635 1030.919921875 496.052398681641 1  0
p 1501687636 1038.84387207031 357.908111572266 1  0
p 1501687636 1033.2705078125 341.921600341797 1  0
back 1501687637 1005.75909423828 530.683166503906 1  0
space 1501687638 745.135864257812 586.777709960938 1  0
f 1501687638 533.715637207031 438.874786376953 1  0
o 1501687639 944.122680664062 362.421234130859 2  0
r 1501687640 515.17724609375 354.983062744141 1  0
w 1501687640 362.174835205078 354.417114257812 1  0
a 1501687641 287.498474121094 448.270446777344 1  0
r 1501687642 511.938690185547 351.955749511719 1  0
d 1501687642 464.9599609375 418.299926757812 1  0
