t 1501687649 614.159729003906 366.578704833984 1  0
h 1501687649 716.792724609375 417.253387451172 1  0
e 1501687650 422.983337402344 346.107208251953 1  0
space 1501687650 510.163818359375 626.520568847656 1  0
space 1501687650 502.748321533203 615.530395507812 1  0
s 1501687651 413.693939208984 416.129211425781 1  0
e 1501687652 434.829040527344 335.237182617188 1  0
c 1501687652 548.700256347656 507.342010498047 1  0
o 1501687653 968.123229980469 367.018829345703 1  0
n 1501687654 814.2392578125 500.806732177734 1  0
d 1501687655 475.223114013672 424.017150878906 1  0
space 1501687655 593.534912109375 615.593017578125 1  0
l 1501687657 962.152709960938 423.283874511719 1  0
a 1501687658 321.377258300781 424.076019287109 1  0
r 1501687659 519.491577148438 341.446472167969 1  0
g 1501687659 650.619445800781 432.532501220703 1  0
e 1501687660 424.397918701172 342.693481445312 1  0
e 1501687660 431.104156494141 361.912963867188 1  0
back 1501687661 1019.97906494141 506.727325439453 1  0
back 1501687661 1009.78948974609 529.153930664062 1  0
e 1501687663 410.549774169922 347.132415771484 1  0
s 1501687663 376.738403320312 443.341033935547 1  0
t 1501687664 597.841796875 351.463165283203 1  0
space 1501687665 608.4609375 620.338256835938 1  0
c 1501687665 541.215942382812 506.926635742188 1  0
o 1501687666 933.762023925781 363.274505615234 1  0
u 1501687666 752.692321777344 351.872924804688 1  0
n 1501687667 821.583557128906 518.216613769531 1  0
n 1501687667 807.219482421875 507.904510498047 1  0
t 1501687667 601.072143554688 354.490325927734 1  0
r 1501687668 512.582397460938 342.01611328125 1  0
back 1501687668 1016.35620117188 513.539123535156 1  0
back 1501687669 1016.35620117188 513.539123535156 1  0
back 1501687670 1020.62750244141 483.853271484375 1  0
t 1501687670 601.295654296875 351.178497314453 1  0
r 1501687671 516.036987304688 341.731292724609 1  0
y 1501687671 677.921752929688 348.156646728516 1  0
