t 1501687849 617.559936523438 350.184692382812 1  0
h 1501687850 743.557861328125 417.639404296875 1  0
i 1501687852 878.229614257812 357.983154296875 2  0
s 1501687852 420.282592773438 406.945617675781 1  0
b 1501687854 725.329467773438 527.663208007812 2  0
space 1501687854 651.679870605469 619.353088378906 4  0
back 1501687855 1015.80340576172 533.111877441406 2  0
back 1501687856 1014.21398925781 512.686584472656 2  0
b 1501687857 718.707763671875 515.174194335938 2  0
back 1501687858 1023.94488525391 522.169006347656 2  0
space 1501687860 654.877990722656 583.589416503906 1  0
p 1501687861 1025.2138671875 352.454467773438 2  0
r 1501687862 518.6279296875 341.517669677734 2  0
back 1501687863 1064.24377441406 515.434692382812 2  0
r 1501687864 496.271636962891 307.060089111328 1  0
l 1501687865 948.545776367188 452.820159912109 2  0
back 1501687866 1027.2783203125 511.614074707031 2  0
back 1501687867 1030.45300292969 507.924865722656 2  0
e 1501687868 447.746002197266 353.952911376953 1  0
r 1501687868 522.256408691406 354.399536132812 1  0
s 1501687869 383.492584228516 441.405059814453 1  0
o 1501687870 918.29736328125 354.682678222656 2  0
n 1501687870 823.152404785156 534.882080078125 2  0
space 1501687871 738.607116699219 607.111450195312 2  0
i 1501687871 860.288818359375 366.037933349609 1  0
s 1501687872 390.006225585938 444.146575927734 2  0
a 1501687874 296.339599609375 455.131500244141 1  0
back 1501687875 1018.47296142578 536.316223144531 2  0
space 1501687875 654.644165039062 600.344909667969 1  0
a 1501687876 308.406433105469 424.625701904297 1  0
space 1501687877 548.071655273438 596.108459472656 1  0
d 1501687878 464.417663574219 451.128601074219 1  0
i 1501687879 871.511169433594 365.113647460938 1  0
s 1501687881 393.419799804688 447.142730712891 1  0
a 1501687882 317.469818115234 433.723114013672 2  0
s 1501687884 388.137969970703 460.678741455078 2  0
t 1501687886 609.602478027344 360.3720703125 2  0
e 1501687886 457.37841796875 356.453308105469 1  0
r 1501687887 526.443664550781 350.760070800781 1  0
