f 1501687448 553.84326171875 414.264068603516 1  0
o 1501687449 963.554565429688 344.3740234375 2  0
i 1501687449 885.627990722656 344.211242675781 2  0
r 1501687449 498.125030517578 353.094451904297 1  0
back 1501687450 1045.76403808594 545.027526855469 1  0
back 1501687451 1033.54772949219 507.670806884766 1  0
r 1501687452 527.912048339844 344.048522949219 2  0
space 1501687453 656.973449707031 597.422668457031 1  0
y 1501687453 687.415466308594 357.251739501953 1  0
o 1501687454 956.47021484375 351.538299560547 1  0
u 1501687454 764.542175292969 354.188049316406 1  0
r 1501687457 523.810302734375 354.271453857422 1  0
space 1501687457 605.002380371094 622.15625 1  0
i 1501687458 863.360046386719 352.628387451172 1  0
n 1501687458 817.677856445312 500.524261474609 1  0
f 1501687459 557.542236328125 420.521301269531 1  0
o 1501687460 957.593322753906 348.155731201172 2  0
t 1501687460 611.36376953125 347.054656982422 1  0
r 1501687461 531.366455078125 343.763702392578 1  0
back 1501687462 1027.85632324219 528.013549804688 1  0
back 1501687463 985.686767578125 545.850891113281 1  0
r 1501687463 536.158325195312 346.664337158203 1  0
m 1501687464 904.263732910156 496.673278808594 1  0
a 1501687465 292.711212158203 429.199829101562 1  0
i 1501687466 862.977905273438 339.492584228516 1  0
back 1501687469 1026.84704589844 550.683898925781 1  0
t 1501687470 603.406860351562 370.754791259766 2  0
i 1501687471 886.053100585938 340.884033203125 1  0
o 1501687471 965.284545898438 337.648010253906 1  0
n 1501687472 818.7138671875 541.753784179688 1  0
space 1501687472 688.834167480469 604.367919921875 1  0
o 1501687473 963.208984375 344.402496337891 1  0
n 1501687474 828.199951171875 516.64453125 1  0
l 1501687474 988.007995605469 421.1572265625 1  0
y 1501687475 703.078552246094 349.376617431641 2  0
