p 1501687894 1007.72381591797 344.372467041016 1  0
t 1501687895 571.719055175781 356.909484863281 2  0
o 1501687896 931.433288574219 347.193450927734 1  0
back 1501687897 1016.49060058594 533.055480957031 0  0
back 1501687898 1020.40203857422 534.4462890625 0  0
r 1501687898 521.00341796875 344.618072509766 2  0
o 1501687899 940.874938964844 343.470855712891 1  0
t 1501687900 608.082275390625 347.325134277344 1  0
e 1501687901 419.043975830078 343.134979248047 2  0
c 1501687902 586.524475097656 531.00390625 1  0
t 1501687903 601.986450195312 351.121551513672 1  0
space 1501687904 709.046325683594 622.321960449219 1  0
y 1501687905 709.629150390625 358.712554931641 2  0
o 1501687906 929.154846191406 340.45166015625 1  0
u 1501687906 760.982421875 351.189819335938 1  0
r 1501687907 521.909851074219 341.2470703125 1  0
space 1501687908 543.441467285156 616.970825195312 1  0
e 1501687908 439.009613037109 331.593292236328 1  0
n 1501687909 835.150024414062 529.443237304688 1  0
v 1501687911 656.81005859375 523.688354492188 1  0
i 1501687912 838.054565429688 341.026458740234 1  0
r 1501687913 511.111480712891 335.543060302734 2  0
o 1501687914 938.069213867188 343.182312011719 1  0
n 1501687915 823.042236328125 523.23974609375 1  0
m 1501687916 915.762634277344 533.959838867188 1  0
e 1501687917 461.360443115234 339.645568847656 1  0
n 1501687917 818.77001953125 546.542541503906 1  0
t 1501687918 596.704895019531 358.142944335938 1  0
