t 1501687818 619.045532226562 362.885406494141 1  0
h 1501687819 714.062744140625 397.791625976562 1  0
h 1501687819 734.502075195312 409.236236572266 1  0
back 1501687820 1041.41845703125 524.503051757812 1  0
back 1501687820 1061.42749023438 526.114624023438 1  0
e 1501687821 443.742218017578 341.098358154297 1  0
h 1501687822 709.442932128906 414.578887939453 1  0
h 1501687822 724.830505371094 419.870788574219 1  0
back 1501687823 1042.35021972656 534.35693359375 1  0
back 1501687823 1016.54052734375 507.009674072266 2  0
back 1501687824 1023.60357666016 499.912750244141 1  0
h 1501687825 722.308166503906 416.799499511719 1  0
e 1501687825 461.669097900391 342.917388916016 2  0
space 1501687826 564.276489257812 584.527954101562 1  0
l 1501687827 970.250549316406 429.166961669922 1  0
i 1501687827 852.036804199219 350.270446777344 1  0
b 1501687828 742.315856933594 509.975372314453 1  0
r 1501687828 533.351013183594 350.190673828125 1  0
a 1501687829 290.221954345703 442.525054931641 1  0
r 1501687830 500.278381347656 346.326721191406 1  0
y 1501687830 678.847351074219 334.901306152344 1  0
space 1501687831 757.47509765625 581.666381835938 2  0
i 1501687832 865.742614746094 339.264739990234 1  0
s 1501687833 390.754058837891 437.529052734375 1  0
space 1501687833 544.238342285156 595.739624023438 1  0
c 1501687834 573.871276855469 504.243316650391 1  0
l 1501687835 984.649719238281 418.157775878906 1  0
o 1501687836 941.96044921875 352.733489990234 1  0
s 1501687837 413.358734130859 448.778350830078 1  0
e 1501687837 430.581970214844 345.480651855469 2  0
e 1501687837 452.652069091797 346.957336425781 1  0
back 1501687838 1013.60589599609 513.764892578125 1  0
d 1501687839 461.564605712891 444.811737060547 1  0
space 1501687840 630.556335449219 595.491271972656 1  0
t 1501687840 619.180114746094 376.033508300781 1  0
o 1501687841 972.0908203125 373.263671875 1  0
d 1501687842 485.286926269531 446.135986328125 1  0
a 1501687842 291.982971191406 435.821258544922 1  0
y 1501687843 691.559692382812 356.910247802734 1  0
