r 1501687575 533.234924316406 360.254455566406 1  0
t 1501687576 559.553161621094 345.602905273438 1  0
back 1501687576 1017.51953125 510.701080322266 1  0
back 1501687577 1046.64624023438 516.0224609375 1  0
t 1501687578 601.26025390625 354.648071289062 1  0
u 1501687578 788.063415527344 358.831573486328 2  0
back 1501687580 1026.78308105469 540.939270019531 1  0
k 1501687580 924.075073242188 389.832916259766 1  0
back 1501687581 998.888671875 533.472839355469 1  0
i 1501687581 865.397033691406 339.293212890625 2  0
m 1501687582 934.466674804688 514.948425292969 1  0
e 1501687583 453.105377197266 337.028472900391 2  0
space 1501687585 609.272033691406 596.895324707031 0  0
t 1501687585 618.800231933594 340.718780517578 1  0
r 1501687585 507.822143554688 322.617767333984 3  0
o 1501687586 934.297424316406 324.252319335938 1  0
g 1501687587 676.546020507812 451.082550048828 1  0
back 1501687587 1007.07775878906 523.210815429688 1  0
back 1501687587 1009.98510742188 520.573852539062 1  0
enter 1501687588 1032.73095703125 635.476928710938 0  0
back 1501687588 1022.22790527344 500.025726318359 1  0
o 1501687589 954.051879882812 364.890808105469 1  0
space 1501687590 687.781555175781 590.456604003906 1  0
g 1501687591 654.064819335938 432.2490234375 1  0
o 1501687591 959.666442871094 347.984954833984 1  0
space 1501687592 659.738037109375 589.682434082031 1  0
s 1501687593 399.273193359375 446.661041259766 1  0
g 1501687593 678.573913574219 466.239013671875 1  0
h 1501687593 738.166870117188 441.707244873047 1  0
back 1501687594 1030.33935546875 533.288452148438 1  0
back 1501687595 1036.59582519531 547.14794921875 1  0
h 1501687596 737.197814941406 438.512603759766 1  0
o 1501687597 947.145202636719 365.459564208984 1  0
p 1501687598 1036.69323730469 354.797485351562 1  0
p 1501687598 1046.55786132812 347.407318115234 1  0
i 1501687600 886.850891113281 350.693115234375 1  0
n 1501687601 791.898681640625 543.6123046875 1  0
space 1501687601 816.304443359375 574.791076660156 1  0
back 1501687602 1036.88671875 546.43994140625 1  0
g 1501687602 649.474670410156 439.178924560547 1  0
