h 1501687354 735.205017089844 433.505249023438 1  0
a 1501687355 296.804626464844 435.424346923828 1  0
space 1501687356 505.127166748047 561.672180175781 1  0
v 1501687356 659.092529296875 549.37646484375 1  0
v 1501687356 654.282775878906 534.182434082031 1  0
m 1501687358 917.108337402344 520.658630371094 3  0
back 1501687361 1052.35986328125 513.83984375 1  0
back 1501687362 1048.97937011719 523.882507324219 1  0
back 1501687363 1043.17248535156 511.337615966797 1  0
back 1501687363 1033.45202636719 515.391967773438 1  0
v 1501687364 622.4033203125 537.485534667969 1  0
e 1501687365 402.828155517578 360.950042724609 2  0
space 1501687365 598.499877929688 632.233825683594 1  0
a 1501687366 283.830383300781 416.800323486328 1  0
space 1501687367 575.519836425781 612.975952148438 1  0
g 1501687367 630.422241210938 447.295715332031 1  0
l 1501687368 950.080505371094 402.370483398438 1  0
l 1501687368 969.506042480469 402.152801513672 1  0
enter 1501687369 1002.76202392578 560.865112304688 1  0
back 1501687370 1001.43194580078 543.874755859375 1  0
back 1501687370 1004.67407226562 527.861328125 1  0
o 1501687372 942.658996582031 361.503509521484 1  0
o 1501687372 923.929138183594 344.693786621094 1  0
d 1501687374 463.126220703125 428.292907714844 1  0
space 1501687375 542.136474609375 621.512268066406 1  0
w 1501687376 356.838226318359 374.619171142578 1  0
e 1501687377 428.754547119141 355.518524169922 2  0
e 1501687377 448.472045898438 350.597839355469 1  0
k 1501687378 895.522766113281 425.316802978516 1  0
e 1501687379 438.422729492188 354.721496582031 1  0
n 1501687380 784.881225585938 536.310791015625 1  0
d 1501687380 453.615875244141 432.355102539062 1  0
