t 1501687481 589.848571777344 355.415313720703 1  0
h 1501687481 722.729248046875 439.702758789062 1  0
e 1501687482 431.34033203125 338.823364257812 1  0
space 1501687482 571.406799316406 620.817993164062 1  0
p 1501687483 1033.42736816406 348.488830566406 1  0
r 1501687484 496.824340820312 346.611511230469 1  0
i 1501687485 830.323181152344 365.217926025391 1  0
c 1501687485 543.94580078125 525.239807128906 1  0
e 1501687486 438.077514648438 354.749969482422 1  0
space 1501687486 568.416259765625 629.587097167969 0  0
o 1501687487 965.800659179688 344.18896484375 1  0
o 1501687487 931.503662109375 343.723236083984 1  0
f 1501687487 564.77978515625 419.925567626953 1  0
back 1501687488 1006.02008056641 522.955017089844 1  0
back 1501687488 1016.54052734375 507.009674072266 1  0
f 1501687489 561.00634765625 443.181854248047 1  0
space 1501687490 633.429138183594 621.701477050781 1  0
g 1501687490 643.838806152344 426.535614013672 1  0
a 1501687490 300.811676025391 423.350799560547 1  0
s 1501687491 401.048950195312 441.685363769531 1  0
space 1501687493 619.043029785156 622.880676269531 1  0
i 1501687494 844.706787109375 354.165100097656 1  0
d 1501687495 434.192016601562 463.437164306641 1  0
back 1501687496 1009.66357421875 507.574310302734 1  0
s 1501687497 417.404602050781 425.841522216797 1  0
space 1501687497 704.018920898438 582.634033203125 1  0
h 1501687498 746.411254882812 436.720611572266 1  0
i 1501687498 845.613952636719 367.24658203125 2  0
i 1501687498 828.942016601562 365.331695556641 2  0
h 1501687498 686.636596679688 447.496368408203 1  0
h 1501687499 751.438720703125 414.402160644531 2  0
back 1501687499 1046.34484863281 496.329833984375 2  0
back 1501687500 1058.21228027344 495.355285644531 2  0
back 1501687500 1051.33251953125 495.920227050781 2  0
g 1501687501 660.781372070312 421.862884521484 2  0
h 1501687501 741.870849609375 428.301361083984 3  0
