q 1501688017 272.003479003906 342.068603515625 1  0
u 1501688018 786.753784179688 339.187133789062 1  0
e 1501688018 425.819610595703 355.760467529297 1  0
s 1501688019 413.237152099609 425.839233398438 1  0
t 1501688020 572.428771972656 343.674285888672 2  0
t 1501688020 592.365783691406 348.62060546875 1  0
back 1501688021 1015.00543212891 500.618804931641 1  0
i 1501688021 870.079284667969 345.492370605469 1  0
o 1501688022 950.681884765625 335.558624267578 1  0
n 1501688022 823.2060546875 506.591491699219 1  0
space 1501688023 693.811401367188 602.082885742188 1  0
t 1501688024 591.82470703125 338.779296875 1  0
h 1501688024 743.229736328125 411.798187255859 1  0
a 1501688025 285.783721923828 436.331604003906 1  0
r 1501688026 525.062194824219 350.873962402344 1  0
space 1501688026 552.935119628906 602.027770996094 1  0
back 1501688027 958.94970703125 518.251892089844 1  0
back 1501688027 1015.5380859375 525.257019042969 2  0
t 1501688028 597.259826660156 321.841339111328 1  0
space 1501688028 581.815002441406 577.960876464844 1  0
n 1501688029 850.711608886719 504.332397460938 1  0
back 1501688030 991.948486328125 515.542846679688 2  0
m 1501688030 884.595092773438 508.06884765625 1  0
u 1501688031 760.714782714844 364.374176025391 2  0
s 1501688031 399.820159912109 443.338928222656 1  0
t 1501688032 591.080444335938 365.189727783203 1  0
space 1501688033 557.511413574219 582.34814453125 1  0
b 1501688034 710.041748046875 528.91845703125 1  0
e 1501688035 440.114593505859 357.876434326172 1  0
space 1501688036 661.885437011719 621.585144042969 1  0
a 1501688037 304.961181640625 424.909393310547 1  0
n 1501688037 810.327697753906 491.341278076172 1  0
s 1501688038 382.000366210938 454.634368896484 1  0
w 1501688038 352.904083251953 348.588897705078 1  0
w 1501688039 373.998474121094 343.552093505859 1  0
r 1501688039 527.869812011719 334.161163330078 1  0
back 1501688040 1009.8466796875 501.042419433594 1  0
back 1501688040 994.207092285156 495.807403564453 1  0
d 1501688041 460.009857177734 399.005523681641 1  0
e 1501688041 444.398071289062 344.341461181641 1  0
r 1501688042 525.926025390625 337.619079589844 1  0
back 1501688042 1032.20190429688 499.206695556641 2  0
back 1501688043 1022.83666992188 496.716217041016 2  0
back 1501688043 1005.07281494141 475.341064453125 1  0
e 1501688044 449.645172119141 353.796356201172 1  0
r 1501688044 544.365966796875 339.395599365234 1  0
r 1501688045 509.908264160156 348.828369140625 1  0
e 1501688045 456.833129882812 343.316131591797 1  0
d 1501688045 441.076110839844 446.497619628906 1  0
back 1501688046 988.167175292969 515.853271484375 2  0
back 1501688047 1008.72351074219 504.393432617188 1  0
back 1501688047 999.529479980469 501.8896484375 1  0
e 1501688048 428.249267578125 328.312652587891 1  0
e 1501688048 430.963775634766 331.214965820312 1  0
back 1501688049 1033.38623046875 514.54052734375 2  0
v 1501688050 620.387512207031 493.892761230469 2  0
d 1501688050 458.103729248047 415.582366943359 2  0
s 1501688050 421.835418701172 457.561798095703 1  0
back 1501688051 983.021179199219 525.185363769531 1  0
back 1501688052 962.216735839844 511.469940185547 1  0
back 1501688053 1018.18121337891 519.215759277344 1  0
f 1501688054 563.683227539062 423.123229980469 1  0
y 1501688054 644.720458984375 373.929565429688 3  0
t 1501688054 573.282043457031 379.814514160156 2  0
d 1501688054 503.032379150391 400.130859375 1  0
back 1501688056 1007.96356201172 523.480712890625 3  0
back 1501688056 993.587158203125 514.380004882812 2  0
back 1501688056 1001.5712890625 510.296142578125 2  0
back 1501688056 1004.66558837891 510.042083740234 2  0
d 1501688057 468.212829589844 421.486206054688 1  0
