c 1501687296 558.873474121094 520.067504882812 1  0
a 1501687297 292.908782958984 396.336395263672 3  0
l 1501687299 972.934936523438 406.012542724609 1  0
l 1501687299 968.302917480469 413.294342041016 1  0
space 1501687300 577.539306640625 587.882995605469 0  0
d 1501687301 488.321563720703 404.454010009766 1  0
back 1501687302 1026.53356933594 533.258422851562 1  0
f 1501687304 577.090637207031 425.4716796875 2  0
y 1501687304 685.305114746094 321.179016113281 2  0
o 1501687305 904.627136230469 329.645782470703 4  0
back 1501687306 1018.31414794922 532.049865722656 1  0
k 1501687306 937.173828125 440.67236328125 1  0
l 1501687307 961.834411621094 445.531799316406 1  0
enter 1501687308 1032.27978515625 573.989868164062 0  0
back 1501687309 1026.79724121094 536.660034179688 1  0
back 1501687310 1036.84118652344 532.412536621094 1  0
back 1501687310 1029.96936035156 532.976440429688 1  0
o 1501687311 930.163330078125 363.916839599609 1  0
r 1501687312 472.615264892578 337.155426025391 1  0
f 1501687314 547.241333007812 465.1611328125 3  0
l 1501687317 972.467041015625 430.880065917969 1  0
l 1501687318 969.775268554688 464.835662841797 1  0
back 1501687320 1041.09521484375 533.775207519531 1  0
back 1501687321 1035.72082519531 553.717529296875 1  0
back 1501687322 1023.15106201172 529.769653320312 1  0
space 1501687323 613.540710449219 617.364013671875 1  0
j 1501687327 849.841125488281 441.481353759766 1  0
back 1501687330 1044.8291015625 523.880615234375 1  0
m 1501687333 874.969848632812 544.6689453125 1  0
o 1501687334 963.779663085938 367.030517578125 1  0
r 1501687335 510.390411376953 365.256195068359 1  0
e 1501687335 409.042205810547 360.437805175781 1  0
space 1501687338 539.210876464844 602.982604980469 1  0
d 1501687339 485.091705322266 462.523254394531 1  0
d 1501687339 473.424377441406 430.724731445312 1  0
e 1501687339 443.427459716797 370.774688720703 1  0
m 1501687341 902.225463867188 518.45263671875 3  0
back 1501687341 1004.27722167969 527.208801269531 1  0
m 1501687342 915.081604003906 527.678649902344 3  0
back 1501687342 1012.47314453125 532.529174804688 1  0
back 1501687344 1009.82995605469 531.890075683594 1  0
back 1501687344 995.819885253906 529.615417480469 1  0
e 1501687345 441.11572265625 361.087738037109 1  0
t 1501687345 599.955139160156 371.039154052734 1  0
a 1501687346 298.182250976562 435.310913085938 1  0
i 1501687347 859.812866210938 347.551025390625 1  0
l 1501687347 986.205383300781 409.234039306641 1  0
s 1501687348 407.975158691406 436.111663818359 1  0
