area 1501687977 644.282836914062 245.204315185547 2  0
t 1501687978 619.466857910156 336.500396728516 2  0
i 1501687978 869.310424804688 348.847290039062 2  0
c 1501687979 591.678955078125 509.648803710938 1  0
k 1501687980 891.757690429688 432.348571777344 1  0
e 1501687981 453.443664550781 353.483215332031 1  0
t 1501687981 616.147521972656 349.954376220703 1  0
s 1501687982 409.823303222656 422.839263916016 1  0
space 1501687982 543.404235839844 607.247802734375 1  0
a 1501687983 327.044525146484 442.772796630859 1  0
r 1501687984 527.912048339844 344.048522949219 1  0
e 1501687984 422.777770996094 349.420440673828 1  0
space 1501687985 493.109252929688 623.143981933594 1  0
v 1501687985 631.864868164062 506.003723144531 1  0
e 1501687986 405.306945800781 354.156524658203 1  0
r 1501687987 549.238647460938 348.881011962891 2  0
y 1501687987 709.987243652344 348.807250976562 1  0
space 1501687988 613.207458496094 590.765930175781 1  0
e 1501687989 444.638153076172 354.209106445312 1  0
x 1501687989 484.928680419922 505.024963378906 1  0
x 1501687989 491.803283691406 504.459991455078 1  0
p 1501687990 1030.39624023438 352.027618408203 1  0
p 1501687990 1027.52380371094 362.127471923828 1  0
e 1501687991 439.009765625 364.554382324219 1  0
n 1501687991 799.383056640625 505.287994384766 1  0
s 1501687992 382.287506103516 421.824645996094 1  0
s 1501687992 396.040710449219 423.973968505859 1  0
back 1501687993 1013.10205078125 507.2919921875 1  0
back 1501687993 1016.07971191406 523.328430175781 1  0
back 1501687993 1009.38909912109 517.367248535156 1  0
back 1501687994 1025.73156738281 509.512603759766 2  0
back 1501687994 1028.29553222656 515.815246582031 1  0
back 1501687994 1024.85791015625 516.097412109375 1  0
back 1501687995 1011.10778808594 517.226196289062 1  0
p 1501687996 1026.94140625 352.312194824219 1  0
e 1501687999 412.417419433594 350.274658203125 1  0
n 1501688000 803.498168945312 521.244689941406 1  0
s 1501688002 378.699859619141 438.521209716797 1  0
i 1501688003 886.187255859375 363.904907226562 2  0
v 1501688003 674.947143554688 525.285522460938 1  0
e 1501688007 432.931915283203 351.879028320312 1  0
