c 1501687924 573.938232421875 489.804382324219 1  0
o 1501687925 938.721740722656 338.277130126953 1  0
m 1501687926 912.121643066406 535.970947265625 1  0
f 1501687927 542.244018554688 431.618041992188 3  0
g 1501687927 614.031188964844 450.194793701172 4  0
p 1501687927 1028.03686523438 328.144470214844 1  0
a 1501687928 288.538970947266 436.104797363281 4  0
l 1501687929 1013.40930175781 457.810394287109 1  0
l 1501687929 995.632873535156 456.51953125 1  0
l 1501687930 993.306274414062 462.213989257812 1  0
back 1501687932 1032.48901367188 509.643493652344 1  0
back 1501687933 1012.45886230469 527.907348632812 1  0
back 1501687933 1012.57769775391 527.212646484375 1  0
back 1501687934 1016.66235351562 533.041381835938 1  0
back 1501687934 1012.84283447266 530.615600585938 1  0
back 1501687935 1018.9482421875 524.634582519531 1  0
back 1501687935 1014.62518310547 520.192993164062 1  0
p 1501687936 1037.02673339844 352.346984863281 1  0
a 1501687937 308.514709472656 434.460327148438 1  0
n 1501687940 849.992431640625 518.627014160156 1  0
i 1501687941 847.588623046875 363.795806884766 1  0
e 1501687942 424.857055664062 365.720886230469 1  0
s 1501687942 389.952056884766 431.036468505859 1  0
space 1501687945 544.852905273438 634.074584960938 1  0
a 1501687946 305.477966308594 424.866821289062 1  0
n 1501687947 822.551635742188 533.903747558594 1  0
n 1501687947 826.615905761719 534.940368652344 1  0
o 1501687947 922.86328125 361.749481201172 1  0
u 1501687948 774.7998046875 350.05126953125 1  0
n 1501687948 837.204650878906 502.181396484375 1  0
x 1501687949 476.335662841797 505.731140136719 1  0
c 1501687949 526.453552246094 523.245422363281 1  0
c 1501687949 574.237731933594 530.984130859375 1  0
back 1501687950 1024.31323242188 535.836975097656 1  0
back 1501687950 1017.49462890625 530.405029296875 1  0
back 1501687950 1004.9697265625 538.279968261719 1  0
c 1501687952 550.440002441406 520.588745117188 1  0
e 1501687952 452.925720214844 353.525909423828 1  0
space 1501687954 548.714599609375 604.934692382812 1  0
a 1501687954 311.140625 453.913513183594 1  0
space 1501687956 740.957824707031 604.359985351562 1  0
m 1501687957 915.35693359375 531.081787109375 1  0
e 1501687958 455.997283935547 356.567169189453 1  0
r 1501687959 536.326477050781 359.826416015625 1  0
g 1501687960 648.441284179688 439.263946533203 1  0
w 1501687964 371.256530761719 320.677703857422 2  0
r 1501687965 512.815002441406 350.149475097656 1  0
l 1501687966 968.132751464844 439.676544189453 1  0
l 1501687966 977.25244140625 460.782043457031 1  0
enter 1501687967 1066.74890136719 575.43212890625 1  0
enter 1501687967 1051.5771484375 571.212280273438 1  0
back 1501687967 1006.82470703125 550.958374023438 1  0
back 1501687968 1009.99334716797 547.277893066406 0  0
back 1501687968 1009.99334716797 547.277893066406 1  0
back 1501687968 1011.83734130859 526.588317871094 1  0
back 1501687968 1011.83734130859 526.588317871094 1  0
back 1501687968 1015.27380371094 526.306274414062 1  0
g 1501687969 656.596008300781 445.142730712891 1  0
e 1501687970 412.1357421875 343.704620361328 2  0
r 1501687970 511.635162353516 348.686004638672 1  0
