i 1501687245 871.761901855469 361.804748535156 3  0
space 1501687246 607.09326171875 618.57470703125 1  0
a 1501687246 300.359436035156 444.969177246094 1  0
g 1501687248 662.9091796875 438.073669433594 1  0
r 1501687249 528.428771972656 357.184326171875 1  0
e 1501687249 454.105743408203 340.243774414062 1  0
e 1501687249 427.679504394531 342.422882080078 1  0
e 1501687249 447.923095703125 337.455841064453 1  0
e 1501687249 417.31689453125 343.277404785156 1  0
back 1501687250 1009.94317626953 513.380065917969 3  0
back 1501687251 1018.60369873047 506.840270996094 1  0
space 1501687252 635.549255371094 620.334289550781 1  0
w 1501687253 372.594787597656 366.735748291016 1  0
i 1501687253 868.420654296875 371.942565917969 1  0
t 1501687254 600.158020019531 357.858367919922 1  0
h 1501687254 718.436889648438 394.148040771484 1  0
h 1501687254 734.826721191406 419.048187255859 1  0
back 1501687255 1029.546875 531.984069824219 2  0
space 1501687256 783.883361816406 609.880737304688 2  0
y 1501687256 720.789794921875 361.083740234375 1  0
o 1501687258 931.167297363281 356.911682128906 2  0
u 1501687258 789.860046386719 355.393127441406 1  0
