t 1501687423 623.626831054688 346.043853759766 1  0
h 1501687425 741.461486816406 431.611297607422 1  0
e 1501687427 412.65380859375 343.661926269531 1  0
space 1501687428 668.135803222656 575.323669433594 2  0
s 1501687428 363.573577880859 436.487335205078 1  0
u 1501687429 788.2724609375 348.941131591797 2  0
m 1501687430 892.938659667969 510.642486572266 1  0
space 1501687430 709.163452148438 582.212097167969 1  0
o 1501687432 940.581359863281 359.424926757812 1  0
f 1501687433 575.339782714844 415.775756835938 1  0
space 1501687434 598.781005859375 587.84912109375 1  0
t 1501687434 597.496398925781 351.491638183594 1  0
h 1501687435 742.150573730469 431.554595947266 1  0
e 1501687436 452.610198974609 320.743835449219 1  0
space 1501687437 744.311950683594 575.227905273438 1  0
p 1501687438 1022.18402099609 355.992431640625 1  0
a 1501687439 294.398040771484 430.442504882812 1  0
r 1501687440 531.366455078125 343.763702392578 1  0
t 1501687440 627.891296386719 348.986450195312 1  0
r 1501687441 544.732666015625 375.588897705078 1  0
s 1501687441 403.940765380859 408.637176513672 1  0
s 1501687441 390.199157714844 415.644775390625 1  0
back 1501687442 1030.38854980469 502.614501953125 1  0
back 1501687442 1020.07171630859 503.461639404297 1  0
back 1501687443 1021.91107177734 487.009948730469 1  0
s 1501687443 413.237152099609 425.839233398438 1  0
