a 1501687387 286.548980712891 423.143127441406 1  0
l 1501687388 994.451843261719 436.995849609375 1  0
l 1501687389 999.031127929688 426.800018310547 1  0
space 1501687390 538.496520996094 585.959228515625 1  0
w 1501687390 367.872009277344 353.947387695312 1  0
o 1501687391 958.195983886719 364.549530029297 1  0
r 1501687394 500.80615234375 359.461029052734 1  0
k 1501687394 905.977844238281 434.452850341797 1  0
space 1501687395 634.994018554688 617.992797851562 1  0
a 1501687395 286.396209716797 449.396240234375 1  0
n 1501687396 819.596069335938 506.888000488281 1  0
d 1501687397 478.400054931641 446.70263671875 1  0
x 1501687397 490.905731201172 550.167175292969 1  0
space 1501687397 577.082397460938 599.876708984375 1  0
back 1501687398 1005.07281494141 475.341064453125 1  0
back 1501687398 1004.32403564453 514.52685546875 2  0
back 1501687398 1020.23034667969 509.964263916016 3  0
d 1501687399 451.032257080078 432.567749023438 1  0
space 1501687400 589.866149902344 588.580444335938 1  0
b 1501687400 753.103759765625 502.567291259766 1  0
n 1501687403 816.185668945312 513.686767578125 1  0
o 1501687404 945.504089355469 362.307495117188 1  0
space 1501687405 754.339294433594 619.462158203125 1  0
back 1501687405 1000.52398681641 527.859375 2  0
back 1501687405 1020.23034667969 509.964263916016 1  0
back 1501687406 998.660766601562 508.477691650391 1  0
back 1501687407 1012.41436767578 507.348449707031 1  0
n 1501687407 821.346008300781 544.276977539062 2  0
o 1501687408 946.714233398438 368.78173828125 1  0
space 1501687408 796.763732910156 609.166076660156 2  0
p 1501687409 1022.75408935547 372.377471923828 2  0
l 1501687410 973.785278320312 425.60205078125 1  0
d 1501687411 476.255859375 394.381378173828 1  0
back 1501687412 1014.4775390625 507.179046630859 3  0
a 1501687413 299.965728759766 425.320709228516 2  0
y 1501687414 698.811950683594 356.312683105469 1  0
