f 1501699545 502.931976318359 384.809295654297 1  0
o 1501699545 1097.71826171875 268.271026611328 1  0
r 1501699546 478.190185546875 272.446624755859 1  0
space 1501699546 741.284790039062 623.370666503906 0  0
y 1501699546 726.626831054688 262.19384765625 1  0
o 1501699547 1117.42077636719 269.957000732422 3  0
u 1501699547 873.632507324219 266.698913574219 1  0
r 1501699547 450.696868896484 274.669036865234 1  0
space 1501699548 694.810241699219 589.398010253906 1  0
n 1501699548 891.921081542969 499.351013183594 1  0
back 1501699549 1163.88989257812 510.009124755859 1  0
i 1501699550 983.460876464844 277.481536865234 1  0
n 1501699550 892.017028808594 534.48291015625 1  0
o 1501699550 1086.49682617188 272.449340820312 2  0
back 1501699551 1156.32421875 494.468963623047 1  0
f 1501699551 512.0888671875 393.654663085938 1  0
o 1501699551 1065.65454101562 274.129150390625 1  0
t 1501699552 532.709838867188 277.859802246094 2  0
m 1501699552 1005.52648925781 519.361022949219 1  0
a 1501699553 152.240600585938 399.803100585938 1  0
t 1501699553 571.861572265625 271.423431396484 1  0
i 1501699553 952.227111816406 279.999359130859 1  0
o 1501699554 1084.55493164062 279.151428222656 1  0
n 1501699554 895.366577148438 499.076843261719 1  0
back 1501699554 1190.39794921875 494.990386962891 1  0
back 1501699554 1199.57702636719 509.043426513672 3  0
back 1501699555 1192.67297363281 509.591644287109 3  0
back 1501699555 1189.86328125 506.757446289062 3  0
back 1501699556 1175.4150390625 510.962036132812 3  0
back 1501699556 1178.86633300781 510.68798828125 3  0
back 1501699557 1148.03833007812 495.127624511719 1  0
r 1501699557 476.549652099609 279.124908447266 1  0
m 1501699559 1011.85766601562 502.725250244141 1  0
a 1501699559 164.593307495117 405.306488037109 2  0
t 1501699559 601.103088378906 259.235260009766 1  0
i 1501699560 993.874267578125 276.642120361328 1  0
o 1501699561 1100.95043945312 281.102661132812 1  0
n 1501699561 863.617492675781 517.737060546875 1  0
space 1501699561 633.639282226562 635.248657226562 1  0
o 1501699562 1117.69274902344 283.025848388672 2  0
k 1501699562 973.793212890625 424.864440917969 2  0
l 1501699563 1137.93518066406 389.011413574219 2  0
back 1501699564 1148.69567871094 513.423217773438 1  0
back 1501699564 1213.71081542969 493.137542724609 2  0
n 1501699565 887.912292480469 513.938293457031 1  0
y 1501699565 709.311218261719 289.946075439453 3  0
r 1501699566 481.907104492188 265.597747802734 1  0
back 1501699568 1219.30993652344 464.617431640625 1  0
back 1501699568 1192.72155761719 483.923004150391 1  0
l 1501699569 1178.27673339844 366.436645507812 1  0
t 1501699570 629.612976074219 201.134658813477 2  0
back 1501699571 1222.73803710938 485.788299560547 3  0
y 1501699572 688.401611328125 274.070129394531 1  0
