t 1501700508 545.444396972656 283.719329833984 1  0
h 1501700508 744.436340332031 394.520965576172 1  0
o 1501700509 1047.89099121094 265.739318847656 3  0
s 1501700510 259.784698486328 352.115570068359 1  0
s 1501700510 273.565307617188 351.005798339844 1  0
back 1501700510 1171.03967285156 512.837646484375 1  0
i 1501700510 963.783447265625 262.698822021484 1  0
back 1501700511 1191.56286621094 511.038360595703 1  0
back 1501700511 1149.46069335938 514.381225585938 1  0
back 1501700511 1173.08422851562 502.823944091797 1  0
s 1501700512 280.185791015625 389.523620605469 1  0
back 1501700513 1238.46118164062 504.087066650391 2  0
i 1501700514 979.224670410156 268.002838134766 1  0
s 1501700514 274.957672119141 399.691741943359 1  0
space 1501700514 652.775512695312 637.107360839844 1  0
i 1501700515 980.776245117188 274.425170898438 1  0
s 1501700515 253.232925415039 381.936248779297 2  0
space 1501700516 656.341613769531 632.612121582031 1  0
back 1501700517 1132.61071777344 493.124359130859 1  0
back 1501700517 1127.88403320312 490.269836425781 1  0
back 1501700518 1127.60534667969 493.522308349609 1  0
p 1501700519 1212.45239257812 268.847442626953 1  0
e 1501700519 299.281524658203 273.820861816406 2  0
r 1501700519 439.766937255859 278.825164794922 1  0
s 1501700520 263.751342773438 377.838256835938 1  0
o 1501700520 1080.51940917969 269.657440185547 2  0
n 1501700521 877.896423339844 510.149932861328 1  0
space 1501700522 799.676940917969 638.145812988281 1  0
i 1501700522 970.957458496094 285.032745361328 2  0
s 1501700522 263.646911621094 394.102142333984 1  0
space 1501700523 738.573120117188 681.668090820312 0  0
a 1501700523 116.028305053711 379.962158203125 1  0
space 1501700524 659.61083984375 624.7666015625 0  0
d 1501700525 380.039184570312 385.095001220703 1  0
i 1501700525 972.719665527344 265.2529296875 1  0
s 1501700526 266.420593261719 390.629547119141 1  0
a 1501700526 171.917587280273 375.465667724609 1  0
back 1501700527 1182.77905273438 476.207061767578 1  0
t 1501700528 594.977111816406 253.177139282227 2  0
back 1501700529 1175.07165527344 532.372436523438 1  0
a 1501700530 165.370086669922 379.245147705078 1  0
s 1501700531 260.873870849609 397.574096679688 1  0
t 1501700532 557.179748535156 259.510711669922 1  0
e 1501700532 359.623992919922 282.030883789062 1  0
r 1501700533 436.119659423828 295.472839355469 1  0
