i 1501700469 1014.89581298828 288.722778320312 4  0
back 1501700471 1195.23999023438 504.2919921875 1  0
t 1501700472 625.929809570312 273.602478027344 1  0
h 1501700472 773.675720214844 405.172149658203 1  0
space 1501700474 475.295654296875 641.527282714844 1  0
space 1501700474 513.419006347656 667.806945800781 3  0
back 1501700475 1176.12927246094 499.353485107422 1  0
back 1501700476 1205.19409179688 514.710571289062 3  0
e 1501700480 325.254943847656 284.80908203125 1  0
space 1501700481 492.600158691406 640.496520996094 1  0
p 1501700482 1207.81335449219 262.671691894531 1  0
r 1501700483 417.202453613281 294.247344970703 1  0
i 1501700483 952.852416992188 257.029022216797 1  0
c 1501700484 521.10888671875 515.111145019531 1  0
e 1501700484 335.303375244141 300.344940185547 1  0
space 1501700485 753.413879394531 621.906127929688 1  0
o 1501700485 1096.49914550781 251.989791870117 1  0
f 1501700486 462.987976074219 384.764892578125 1  0
space 1501700486 701.912048339844 617.205139160156 1  0
g 1501700487 674.529541015625 364.352935791016 1  0
a 1501700487 153.635665893555 393.192932128906 1  0
s 1501700487 261.541259765625 400.76904296875 1  0
space 1501700488 741.634948730469 617.438903808594 1  0
space 1501700488 752.257080078125 622.503540039062 1  0
i 1501700488 975.15966796875 258.504913330078 1  0
s 1501700489 271.969909667969 383.681915283203 1  0
space 1501700489 650.03564453125 637.323791503906 1  0
h 1501700489 799.348510742188 390.120452880859 1  0
i 1501700490 986.515686035156 267.414764404297 1  0
g 1501700490 639.823425292969 394.526397705078 1  0
h 1501700490 764.629760742188 409.143371582031 1  0
