p 1501699748 1194.24938964844 263.764892578125 1  0
l 1501699748 1151.43835449219 413.916259765625 1  0
e 1501699755 285.880920410156 265.082885742188 2  0
a 1501699756 123.056251525879 389.150970458984 1  0
e 1501699758 295.232971191406 261.050384521484 1  0
d 1501699760 340.861236572266 394.400024414062 1  0
s 1501699760 267.967498779297 364.483062744141 2  0
back 1501699763 1198.84680175781 474.928558349609 1  0
back 1501699763 1192.86767578125 488.333404541016 1  0
back 1501699764 1180.03833007812 495.813720703125 1  0
s 1501699771 279.841735839844 389.55126953125 1  0
e 1501699772 316.789367675781 242.916397094727 2  0
space 1501699773 464.145629882812 640.218505859375 1  0
f 1501699774 527.397338867188 382.674041748047 1  0
o 1501699775 1090.38317871094 259.036834716797 2  0
l 1501699776 1152.783203125 394.323669433594 1  0
l 1501699776 1160.25732421875 377.470031738281 1  0
o 1501699777 1122.21850585938 266.296020507812 1  0
w 1501699777 204.443557739258 258.575042724609 1  0
space 1501699777 677.235473632812 638.713989257812 1  0
t 1501699778 602.953186035156 262.361450195312 1  0
h 1501699778 770.862365722656 376.146118164062 1  0
e 1501699779 301.872589111328 250.682327270508 2  0
space 1501699780 628.969299316406 625.502624511719 0  0
g 1501699781 632.145446777344 388.299987792969 1  0
u 1501699782 843.296936035156 275.694183349609 1  0
d 1501699782 398.090240478516 367.036590576172 1  0
back 1501699783 1184.19250488281 505.169494628906 1  0
i 1501699784 1004.76123046875 259.392272949219 2  0
d 1501699784 378.564056396484 391.372650146484 1  0
e 1501699784 354.877380371094 272.596984863281 1  0
l 1501699785 1161.23889160156 409.887329101562 1  0
i 1501699785 961.366821289062 249.787109375 2  0
n 1501699786 895.635986328125 549.111572265625 1  0
e 1501699786 362.622039794922 275.243927001953 1  0
s 1501699787 225.703460693359 384.149353027344 1  0
