s 1501699724 284.958129882812 395.639862060547 2  0
t 1501699725 620.969970703125 280.548156738281 2  0
a 1501699725 135.465347290039 375.145416259766 1  0
v 1501699726 666.124084472656 534.623474121094 1  0
back 1501699726 1215.78332519531 492.972808837891 1  0
b 1501699727 788.538696289062 508.766235351562 1  0
i 1501699727 985.821350097656 267.470764160156 1  0
i 1501699728 996.238037109375 266.630554199219 2  0
back 1501699728 1166.71362304688 513.011413574219 1  0
l 1501699729 1185.80883789062 398.180938720703 1  0
i 1501699729 996.904663085938 279.670135498047 2  0
t 1501699730 622.125 283.726440429688 1  0
y 1501699730 719.216064453125 269.342010498047 1  0
space 1501699731 747.439514160156 648.66943359375 0  0
o 1501699731 1081.44921875 256.481109619141 3  0
f 1501699732 528.91796875 372.793762207031 1  0
space 1501699732 696.769104003906 650.983764648438 1  0
space 1501699732 699.934509277344 649.723754882812 0  0
t 1501699734 576.343688964844 293.961944580078 1  0
h 1501699734 762.672668457031 380.055572509766 1  0
e 1501699734 340.161926269531 257.412841796875 2  0
space 1501699734 679.139587402344 617.318725585938 1  0
b 1501699735 794.584411621094 522.885314941406 1  0
b 1501699735 816.508422851562 505.521636962891 1  0
back 1501699736 1175.279296875 509.104644775391 1  0
back 1501699736 1176.74658203125 522.060546875 1  0
a 1501699737 142.48957824707 384.337371826172 2  0
n 1501699737 893.809692382812 492.741821289062 1  0
a 1501699737 164.327011108398 382.581176757812 1  0
back 1501699738 1163.04382324219 519.753662109375 1  0
back 1501699739 1211.06433105469 499.806579589844 1  0
back 1501699739 1216.07299804688 509.09228515625 1  0
n 1501699740 898.701232910156 533.612976074219 1  0
a 1501699740 162.176635742188 408.747528076172 1  0
t 1501699741 603.654907226562 272.128356933594 1  0
o 1501699741 1061.73376464844 277.717956542969 1  0
n 1501699741 876.380065917969 538.098205566406 1  0
back 1501699742 1203.56030273438 523.326965332031 1  0
back 1501699742 1177.41186523438 512.161987304688 1  0
i 1501699743 983.598266601562 247.991806030273 2  0
o 1501699743 1101.78356933594 254.840606689453 2  0
n 1501699744 909.078979492188 527.021850585938 1  0
