t 1501699450 558.408752441406 292.139801025391 1  0
h 1501699450 796.118103027344 403.375091552734 2  0
e 1501699450 346.525909423828 279.817993164062 1  0
e 1501699451 356.575012207031 275.73291015625 1  0
d 1501699451 371.645080566406 395.177764892578 1  0
back 1501699451 1159.30383300781 530.230834960938 1  0
back 1501699452 1177.41186523438 512.161987304688 1  0
space 1501699452 587.392517089844 651.871826171875 0  0
p 1501699452 1211.29406738281 272.214630126953 1  0
o 1501699453 1103.73059082031 248.128280639648 1  0
w 1501699453 219.473403930664 290.090240478516 1  0
e 1501699454 334.981475830078 277.479125976562 1  0
r 1501699454 438.921447753906 262.524230957031 1  0
space 1501699454 570.384460449219 624.232727050781 1  0
o 1501699455 1061.78039550781 287.528625488281 1  0
f 1501699455 486.346618652344 393.154663085938 1  0
space 1501699456 542.840270996094 656.399047851562 0  0
d 1501699456 397.249084472656 419.611602783203 1  0
e 1501699456 348.683319091797 289.456848144531 1  0
b 1501699457 819.573486328125 521.408020019531 1  0
back 1501699457 1220.29187011719 507.398559570312 3  0
n 1501699458 894.785522460938 521.709533691406 1  0
n 1501699458 905.451477050781 507.958618164062 1  0
a 1501699458 174.145126342773 424.012542724609 1  0
back 1501699459 1156.68798828125 504.126586914062 1  0
back 1501699459 1169.94421386719 519.205993652344 1  0
i 1501699460 994.661987304688 273.305572509766 1  0
a 1501699460 160.887725830078 382.857757568359 1  0
a 1501699460 163.306350708008 379.4111328125 1  0
l 1501699460 1159.70947265625 393.769714355469 1  0
back 1501699461 1156.15954589844 544.044006347656 1  0
back 1501699461 1152.36755371094 544.344543457031 1  0
l 1501699461 1166.8876953125 406.189147949219 1  0
