i 1501699432 938.005981445312 268.053466796875 2  0
space 1501699433 642.126770019531 620.245666503906 1  0
a 1501699434 170.104293823242 401.616149902344 1  0
g 1501699434 622.61865234375 375.029724121094 1  0
r 1501699435 451.244964599609 300.788726806641 1  0
e 1501699435 352.488220214844 269.516510009766 1  0
e 1501699435 327.927062988281 274.776794433594 2  0
space 1501699436 639.054077148438 626.391662597656 1  0
w 1501699436 221.210174560547 253.939865112305 2  0
i 1501699437 970.289367675781 265.448974609375 1  0
i 1501699437 971.422180175781 262.082458496094 1  0
t 1501699437 583.525024414062 277.027557373047 1  0
h 1501699437 770.618591308594 379.418304443359 1  0
back 1501699438 1171.64111328125 499.710113525391 1  0
back 1501699438 1221.16357421875 519.554321289062 3  0
back 1501699438 1212.09765625 514.16259765625 3  0
t 1501699439 565.326416015625 291.581512451172 1  0
h 1501699440 757.59375 383.714813232422 2  0
b 1501699440 801.526306152344 539.464294433594 0  0
space 1501699440 598.771484375 625.360717773438 1  0
back 1501699441 1211.12280273438 503.030395507812 3  0
back 1501699441 1192.53820800781 507.734039306641 3  0
space 1501699442 598.657836914062 620.309814453125 1  0
y 1501699443 749.158752441406 260.373565673828 2  0
o 1501699444 1108.11010742188 257.606994628906 1  0
u 1501699444 814.280151367188 258.389221191406 1  0
