t 1501699688 618.083801269531 277.508972167969 1  0
h 1501699689 814.071166992188 349.888275146484 3  0
r 1501699690 448.37841796875 251.929336547852 2  0
back 1501699692 1181.81469726562 491.592559814453 4  0
e 1501699692 293.299255371094 252.066818237305 3  0
s 1501699693 289.392913818359 370.467987060547 1  0
back 1501699694 1200.24133300781 511.028533935547 4  0
back 1501699694 1164.69079589844 509.096374511719 4  0
space 1501699694 680.813903808594 632.364196777344 0  0
e 1501699695 341.697540283203 248.146240234375 3  0
back 1501699696 1194.1015625 512.534912109375 4  0
l 1501699696 1163.84545898438 405.065032958984 3  0
k 1501699696 981.908508300781 375.490570068359 1  0
k 1501699696 1071.23181152344 368.332458496094 2  0
back 1501699696 1191.14807128906 500.539245605469 4  0
back 1501699696 1198.5458984375 501.990570068359 4  0
back 1501699697 1194.60095214844 500.264923095703 4  0
back 1501699697 1201.01501464844 497.715942382812 4  0
e 1501699698 339.856994628906 220.319854736328 3  0
space 1501699699 715.162048339844 670.062927246094 4  0
s 1501699700 283.708740234375 362.188293457031 1  0
e 1501699701 353.704376220703 249.761703491211 2  0
c 1501699702 537.144714355469 507.041229248047 1  0
o 1501699702 1093.29992675781 248.970123291016 2  0
n 1501699703 900.604064941406 522.944213867188 1  0
d 1501699703 439.038635253906 340.940002441406 2  0
f 1501699703 464.209411621094 368.230773925781 2  0
space 1501699704 488.113006591797 658.699951171875 0  0
back 1501699704 1203.23352050781 499.579040527344 2  0
back 1501699705 1135.38330078125 549.079406738281 1  0
space 1501699705 785.485168457031 684.192443847656 0  0
l 1501699706 1165.16125488281 418.285766601562 4  0
s 1501699706 273.014709472656 435.711700439453 1  0
r 1501699706 400.558044433594 271.314666748047 3  0
f 1501699707 471.437927246094 341.591522216797 2  0
r 1501699707 416.748657226562 304.088684082031 3  0
back 1501699707 1239.02392578125 453.337219238281 4  0
back 1501699710 1130.8095703125 552.829895019531 1  0
enter 1501699710 1230.76586914062 588.238159179688 1  0
back 1501699711 1221.91638183594 491.295257568359 2  0
back 1501699712 1199.48425292969 481.343780517578 1  0
a 1501699712 186.063339233398 364.564483642578 2  0
z 1501699713 278.675537109375 506.074859619141 0  0
back 1501699714 1208.294921875 480.642974853516 2  0
r 1501699714 461.813598632812 283.587280273438 1  0
g 1501699715 631.479736328125 390.577301025391 1  0
e 1501699715 336.042053222656 254.469696044922 1  0
s 1501699716 230.970626831055 364.205047607422 1  0
t 1501699716 552.381530761719 279.543060302734 1  0
space 1501699717 683.020690917969 639.773620605469 0  0
c 1501699718 525.104614257812 505.962158203125 1  0
o 1501699718 1081.490234375 266.304779052734 1  0
u 1501699719 817.867797851562 267.925445556641 1  0
n 1501699719 897.606262207031 498.898651123047 1  0
t 1501699720 560.584716796875 285.423614501953 1  0
r 1501699720 473.0439453125 269.588928222656 1  0
y 1501699720 713.259887695312 273.096740722656 1  0
