shift 1501699612 144.531799316406 513.720458984375 1  0
a 1501699612 147.781875610352 396.912628173828 1  0
back 1501699614 1140.64758300781 545.273376464844 1  0
shift 1501699615 119.42594909668 483.436340332031 2  0
a 1501699616 168.144805908203 372.515747070312 1  0
p 1501699617 1199.69982910156 266.6005859375 1  0
r 1501699617 428.298126220703 269.932922363281 2  0
back 1501699618 1184.7294921875 531.606567382812 3  0
back 1501699618 1182.18249511719 508.556427001953 1  0
back 1501699618 1196.50817871094 507.418762207031 3  0
a 1501699619 127.390518188477 372.541717529297 1  0
space 1501699620 770.377319335938 674.79296875 0  0
p 1501699620 1190.84973144531 286.948974609375 1  0
o 1501699621 1107.89770507812 280.543060302734 1  0
back 1501699622 1152.59814453125 523.976745605469 1  0
r 1501699623 475.035461425781 275.974822998047 1  0
o 1501699623 1091.50183105469 278.591766357422 2  0
l 1501699624 1165.32861328125 370.556976318359 1  0
back 1501699625 1167.87268066406 514.617248535156 3  0
b 1501699626 781.225463867188 494.055969238281 0  0
l 1501699630 1160.51159667969 390.455627441406 1  0
e 1501699631 332.708221435547 280.935150146484 1  0
m 1501699632 975.486999511719 505.617034912109 1  0
space 1501699632 530.6689453125 645.911010742188 1  0
w 1501699635 204.195587158203 274.968414306641 1  0
i 1501699636 970.363159179688 275.264739990234 2  0
t 1501699636 544.818908691406 276.881530761719 1  0
h 1501699637 741.151428222656 378.529418945312 1  0
space 1501699637 677.848815917969 633.946899414062 1  0
t 1501699637 563.403076171875 281.924713134766 1  0
h 1501699638 751.514709472656 377.698120117188 1  0
e 1501699638 349.752990722656 266.46337890625 1  0
space 1501699639 684.925476074219 632.039367675781 1  0
e 1501699639 329.791961669922 258.252410888672 2  0
n 1501699639 867.358093261719 491.617370605469 1  0
g 1501699640 660.203308105469 383.311492919922 1  0
g 1501699641 667.121032714844 386.863372802734 1  0
i 1501699641 956.839660644531 263.259124755859 1  0
back 1501699642 1174.27905273438 493.041656494141 2  0
back 1501699642 1182.689453125 498.832214355469 1  0
i 1501699643 981.698486328125 241.587387084961 3  0
n 1501699643 878.350524902344 526.239379882812 1  0
r 1501699644 407.797119140625 265.042114257812 1  0
back 1501699645 1200.97961425781 477.992218017578 1  0
e 1501699645 324.472412109375 275.056213378906 1  0
