p 1501699852 1191.57202148438 250.874969482422 2  0
r 1501699853 445.588287353516 268.534729003906 1  0
o 1501699853 1062.23486328125 261.307281494141 1  0
t 1501699853 574.041870117188 264.698486328125 1  0
e 1501699854 371.027191162109 245.080108642578 1  0
e 1501699854 330.220397949219 248.385864257812 1  0
c 1501699855 524.856018066406 518.207946777344 0  0
t 1501699855 551.739074707031 276.322479248047 1  0
back 1501699856 1126.76965332031 503.275695800781 1  0
back 1501699856 1166.98120117188 502.459289550781 2  0
back 1501699856 1135.06811523438 486.467437744141 1  0
c 1501699857 535.583374023438 505.127197265625 1  0
c 1501699857 539.534790039062 504.812347412109 1  0
t 1501699858 580.325927734375 260.915130615234 1  0
back 1501699858 1165.95336914062 523.93505859375 2  0
back 1501699858 1168.69165039062 490.255615234375 1  0
t 1501699859 592.630859375 269.745208740234 1  0
space 1501699860 622.364074707031 632.600158691406 0  0
y 1501699860 728.359924316406 262.053833007812 1  0
o 1501699861 1034.74609375 276.620239257812 2  0
u 1501699861 788.669616699219 273.556060791016 1  0
r 1501699862 481.345642089844 268.917724609375 1  0
space 1501699862 665.951843261719 653.415588378906 1  0
e 1501699862 340.536254882812 254.105758666992 1  0
n 1501699863 902.090454101562 504.998474121094 1  0
v 1501699863 672.178283691406 524.812866210938 1  0
i 1501699864 982.349365234375 267.750823974609 1  0
r 1501699864 438.825164794922 255.979782104492 1  0
o 1501699865 1082.85876464844 289.1015625 1  0
n 1501699865 889.218017578125 470.481567382812 1  0
m 1501699865 1025.72875976562 475.775115966797 1  0
n 1501699866 885.562255859375 544.488525390625 1  0
n 1501699866 892.195739746094 549.384521484375 1  0
back 1501699867 1186.48742675781 498.530395507812 1  0
back 1501699867 1201.0390625 481.220123291016 1  0
e 1501699868 364.739379882812 252.145843505859 1  0
n 1501699869 891.673034667969 509.054351806641 1  0
t 1501699869 614.77587890625 291.204895019531 2  0
