t 1501699793 617.330383300781 276.880920410156 3  0
h 1501699794 773.820617675781 337.168853759766 1  0
e 1501699794 284.579040527344 258.981964111328 1  0
space 1501699794 730.380187988281 686.514038085938 0  0
s 1501699795 207.69123840332 382.688140869141 1  0
l 1501699795 1187.52685546875 402.659576416016 3  0
i 1501699796 994.501831054688 266.770599365234 3  0
back 1501699796 1214.34350585938 489.856811523438 2  0
back 1501699797 1216.18664550781 496.170471191406 3  0
back 1501699797 1171.96374511719 511.236083984375 2  0
l 1501699798 1146.65832519531 391.563812255859 2  0
i 1501699798 961.519836425781 269.430908203125 1  0
b 1501699799 791.337768554688 500.898834228516 1  0
r 1501699800 436.866546630859 275.787017822266 1  0
a 1501699800 152.614151000977 390.025024414062 1  0
r 1501699801 445.432403564453 281.639251708984 1  0
y 1501699801 688.919494628906 309.994293212891 2  0
space 1501699802 741.559936523438 638.521179199219 0  0
i 1501699804 984.247497558594 274.145263671875 1  0
s 1501699804 288.492492675781 382.353912353516 1  0
space 1501699805 707.393981933594 634.478332519531 1  0
c 1501699806 515.692993164062 518.258483886719 1  0
l 1501699806 1167.88049316406 376.859741210938 1  0
o 1501699807 1051.36535644531 288.367370605469 1  0
s 1501699807 273.024291992188 380.34521484375 1  0
e 1501699808 342.754638671875 276.850524902344 1  0
d 1501699808 385.616516113281 374.547637939453 1  0
space 1501699808 710.820678710938 634.207641601562 0  0
t 1501699809 578.7841796875 270.864044189453 1  0
o 1501699809 1092.32751464844 252.326416015625 1  0
d 1501699810 338.189300537109 365.343963623047 1  0
d 1501699810 389.718170166016 377.470977783203 1  0
a 1501699811 141.294876098633 381.181701660156 1  0
back 1501699811 1187.2197265625 482.319305419922 1  0
back 1501699811 1206.87341308594 511.520965576172 2  0
a 1501699812 150.943801879883 373.899871826172 1  0
y 1501699812 730.623046875 278.240844726562 2  0
