c 1501699875 515.307922363281 491.788299560547 1  0
o 1501699876 1078.57861328125 276.360595703125 1  0
m 1501699877 1004.93109130859 516.183044433594 1  0
p 1501699877 1233.31628417969 276.987182617188 1  0
a 1501699882 136.660797119141 378.302215576172 2  0
n 1501699886 884.170227050781 504.215484619141 1  0
i 1501699887 959.340576171875 279.425933837891 2  0
e 1501699887 365.998107910156 265.14892578125 1  0
s 1501699888 309.251007080078 367.671691894531 1  0
space 1501699889 653.214660644531 636.230041503906 1  0
a 1501699890 163.573165893555 402.140777587891 2  0
n 1501699890 871.815979003906 478.335845947266 1  0
n 1501699891 895.871154785156 539.263427734375 1  0
o 1501699892 1092.619140625 298.123840332031 1  0
u 1501699893 850.1533203125 278.413726806641 2  0
n 1501699894 898.645446777344 505.272491455078 1  0
c 1501699894 528.305908203125 512.50048828125 1  0
z 1501699895 197.039993286133 552.441711425781 0  0
e 1501699895 366.941528320312 274.894622802734 1  0
space 1501699896 717.626831054688 631.1416015625 1  0
a 1501699897 141.294876098633 381.181701660156 2  0
space 1501699897 737.612243652344 622.817626953125 1  0
m 1501699898 1036.43896484375 497.541931152344 1  0
e 1501699899 314.9892578125 295.448760986328 2  0
back 1501699901 1169.31970214844 486.974670410156 1  0
back 1501699901 1197.583984375 481.494934082031 1  0
back 1501699901 1200.40747070312 484.50244140625 1  0
back 1501699901 1196.95288085938 484.777191162109 1  0
back 1501699902 1197.583984375 481.494934082031 1  0
back 1501699902 1183.76513671875 482.594085693359 1  0
back 1501699902 1172.46252441406 470.560302734375 1  0
e 1501699903 341.602081298828 250.741928100586 1  0
space 1501699904 671.455749511719 622.143676757812 1  0
a 1501699904 167.010513305664 401.864654541016 1  0
space 1501699906 668.468627929688 621.536437988281 1  0
m 1501699907 1025.17236328125 488.748046875 1  0
e 1501699908 364.115203857422 281.667846679688 1  0
r 1501699909 497.597808837891 293.778686523438 1  0
g 1501699909 662.53662109375 388.086547851562 1  0
e 1501699910 350.612426757812 286.030517578125 1  0
r 1501699911 482.814697265625 262.249114990234 1  0
