t 1501699651 577.243530273438 280.807037353516 1  0
i 1501699651 976.712463378906 264.930786132812 1  0
m 1501699652 1026.53271484375 495.100341796875 1  0
e 1501699652 283.254577636719 245.63410949707 2  0
space 1501699653 740.116577148438 637.792602539062 1  0
t 1501699653 578.14404296875 267.641723632812 1  0
o 1501699654 1067.68286132812 287.053283691406 1  0
space 1501699654 696.969787597656 651.3046875 1  0
g 1501699654 661.290283203125 405.457336425781 1  0
o 1501699655 1047.89392089844 288.646942138672 2  0
space 1501699655 761.361083984375 626.000427246094 1  0
s 1501699655 268.721496582031 380.691131591797 2  0
h 1501699656 781.472290039062 411.041412353516 1  0
o 1501699656 1107.34338378906 270.769195556641 1  0
p 1501699656 1213.61291503906 275.301116943359 1  0
p 1501699658 1228.673828125 300.252655029297 1  0
o 1501699658 1076.888671875 247.016403198242 2  0
back 1501699659 1169.31970214844 486.974670410156 1  0
i 1501699659 989.29345703125 267.190704345703 1  0
i 1501699659 977.764282226562 258.294708251953 1  0
i 1501699660 984.710144042969 257.734130859375 1  0
back 1501699661 1227.19775390625 506.850189208984 2  0
back 1501699661 1216.18664550781 496.170471191406 1  0
n 1501699662 884.866516113281 506.368469238281 1  0
g 1501699662 649.191040039062 392.407043457031 1  0
