a 1501699506 162.552841186523 398.974578857422 1  0
l 1501699507 1170.65270996094 376.637817382812 3  0
l 1501699507 1152.95642089844 394.309814453125 2  0
space 1501699507 590.814392089844 651.601684570312 0  0
w 1501699508 244.835922241211 258.579406738281 1  0
o 1501699509 1076.63854980469 283.060943603516 1  0
r 1501699509 443.781463623047 275.228057861328 1  0
j 1501699510 911.005126953125 413.661010742188 2  0
back 1501699510 1142.62524414062 518.149353027344 1  0
k 1501699513 1055.65148925781 323.957550048828 1  0
space 1501699515 587.443176269531 641.088928222656 1  0
n 1501699516 873.759216308594 501.985626220703 1  0
back 1501699517 1175.95825195312 525.516784667969 1  0
a 1501699517 132.174270629883 385.166961669922 1  0
n 1501699517 897.439697265625 505.368408203125 1  0
d 1501699518 414.564788818359 372.220916748047 1  0
space 1501699518 752.210998535156 651.997375488281 0  0
n 1501699518 883.570556640625 503.243896484375 1  0
o 1501699519 1085.11572265625 288.919830322266 2  0
space 1501699519 637.839599609375 659.000061035156 0  0
p 1501699519 1228.68176269531 270.814086914062 2  0
l 1501699519 1148.00122070312 371.944732666016 2  0
a 1501699520 150.846313476562 406.410522460938 1  0
y 1501699520 723.041625976562 285.395874023438 2  0
