t 1501699917 563.656494140625 265.537994384766 1  0
i 1501699918 954.577575683594 269.990875244141 1  0
c 1501699919 560.170043945312 501.469055175781 1  0
k 1501699919 1022.29119873047 382.012847900391 1  0
e 1501699920 277.890777587891 272.278045654297 2  0
t 1501699920 553.02392578125 282.762878417969 1  0
s 1501699921 265.321533203125 374.459014892578 2  0
space 1501699922 618.612121582031 633.065185546875 1  0
a 1501699922 146.072372436523 393.800842285156 1  0
r 1501699923 440.419891357422 282.044281005859 1  0
e 1501699924 323.889221191406 262.006256103516 1  0
space 1501699924 618.144104003906 622.142272949219 0  0
v 1501699925 629.885559082031 510.524536132812 1  0
e 1501699925 338.436157226562 277.199737548828 1  0
r 1501699926 468.934631347656 266.646789550781 1  0
y 1501699927 653.303649902344 245.87126159668 1  0
space 1501699928 585.088317871094 590.654968261719 1  0
a 1501699928 80.0065231323242 326.1142578125 4  0
e 1501699928 327.563537597656 235.482879638672 1  0
back 1501699929 1153.23645019531 504.400787353516 1  0
back 1501699929 1163.48181152344 506.814544677734 1  0
e 1501699930 349.871124267578 253.349838256836 1  0
x 1501699931 408.533416748047 506.250305175781 1  0
p 1501699932 1224.04309082031 284.277374267578 1  0
e 1501699932 314.127471923828 269.001312255859 3  0
m 1501699933 973.038757324219 450.510894775391 1  0
back 1501699935 1195.00012207031 491.394500732422 1  0
n 1501699937 904.594604492188 514.479675292969 1  0
a 1501699940 157.886428833008 353.808044433594 1  0
s 1501699940 295.702850341797 399.051849365234 1  0
back 1501699943 1196.62097167969 504.182281494141 1  0
back 1501699944 1192.0205078125 507.775146484375 1  0
x 1501699944 360.363220214844 528.251953125 4  0
s 1501699944 249.924377441406 388.704620361328 3  0
back 1501699946 1210.8828125 545.469787597656 2  0
back 1501699947 1188.56848144531 508.049285888672 1  0
s 1501699948 264.443023681641 389.93310546875 1  0
i 1501699949 975.752868652344 268.282897949219 1  0
space 1501699950 643.705322265625 649.446899414062 0  0
v 1501699950 627.815368652344 471.924896240234 1  0
e 1501699950 261.701141357422 267.040161132812 3  0
back 1501699951 1208.708984375 512.903442382812 2  0
back 1501699951 1204.453125 516.467102050781 1  0
back 1501699952 1206.06115722656 509.887237548828 2  0
v 1501699952 658.548645019531 492.099243164062 1  0
e 1501699953 351.421813964844 272.876495361328 1  0
