h 1501699491 748.371887207031 387.705261230469 1  0
a 1501699492 166.838684082031 401.878448486328 1  0
v 1501699493 637.50634765625 506.690795898438 1  0
e 1501699493 329.889892578125 287.705291748047 1  0
space 1501699493 621.955139160156 639.5419921875 0  0
a 1501699494 139.343215942383 404.087097167969 2  0
space 1501699494 583.724243164062 632.451293945312 1  0
g 1501699495 617.582824707031 415.79248046875 2  0
o 1501699495 1089.97094726562 272.169342041016 1  0
o 1501699495 1083.02282714844 272.729339599609 1  0
d 1501699496 373.634124755859 385.267211914062 2  0
space 1501699496 679.696411132812 645.089904785156 0  0
w 1501699496 222.646270751953 276.748107910156 1  0
e 1501699497 344.020935058594 289.833587646484 1  0
e 1501699497 351.184722900391 299.062438964844 1  0
e 1501699498 359.166564941406 275.523345947266 1  0
back 1501699499 1180.19677734375 521.786743164062 1  0
back 1501699499 1191.50256347656 507.816284179688 1  0
back 1501699499 1189.58666992188 522.059875488281 3  0
e 1501699500 364.429779052734 284.913818359375 1  0
e 1501699500 359.877960205078 291.822357177734 1  0
k 1501699500 1008.22698974609 402.6376953125 3  0
e 1501699501 363.331756591797 291.543334960938 1  0
n 1501699501 888.677795410156 525.4189453125 1  0
d 1501699502 414.4931640625 378.733001708984 1  0
