q 1501699961 96.0500793457031 280.448974609375 2  0
q 1501699961 105.021278381348 276.450317382812 1  0
u 1501699961 837.480163574219 272.890441894531 1  0
back 1501699962 1146.44165039062 501.712524414062 1  0
back 1501699962 1173.83666992188 505.992065429688 1  0
u 1501699963 846.087036132812 282.013549804688 1  0
e 1501699964 363.164581298828 235.877685546875 1  0
s 1501699964 273.024291992188 380.34521484375 1  0
t 1501699965 578.7841796875 270.864044189453 1  0
i 1501699965 943.208984375 274.181274414062 2  0
o 1501699966 1090.53039550781 281.941986083984 1  0
b 1501699966 791.344604492188 523.482299804688 1  0
space 1501699967 703.563720703125 663.575866699219 0  0
back 1501699967 1182.85803222656 524.969421386719 1  0
back 1501699968 1156.14392089844 520.30126953125 1  0
n 1501699968 840.33056640625 500.227874755859 1  0
space 1501699969 826.906127929688 658.227233886719 0  0
space 1501699969 810.851501464844 649.897583007812 0  0
t 1501699970 610.578979492188 271.569000244141 1  0
h 1501699971 772.793029785156 382.496063232422 1  0
a 1501699971 158.824295043945 383.023712158203 1  0
t 1501699972 633.981811523438 289.655181884766 3  0
m 1501699973 1022.06939697266 518.046997070312 1  0
back 1501699974 1198.9248046875 507.226837158203 1  0
space 1501699974 596.617553710938 628.228942871094 0  0
space 1501699975 767.411987304688 680.405639648438 1  0
m 1501699976 1032.50659179688 513.992309570312 1  0
u 1501699977 816.567626953125 294.204620361328 2  0
s 1501699977 300.959869384766 371.592895507812 1  0
t 1501699978 563.656494140625 265.537994384766 1  0
space 1501699979 672.986877441406 649.156188964844 0  0
b 1501699979 765.081420898438 483.608947753906 1  0
e 1501699980 372.911712646484 264.589508056641 1  0
space 1501699981 665.649108886719 640.303039550781 0  0
a 1501699981 153.635665893555 393.192932128906 1  0
n 1501699982 895.699096679688 486.1298828125 1  0
s 1501699982 268.678680419922 387.197540283203 2  0
e 1501699983 262.999114990234 280.0283203125 1  0
e 1501699984 311.345855712891 276.117919921875 2  0
r 1501699985 504.178802490234 267.071655273438 1  0
back 1501699986 1157.08251953125 523.620910644531 1  0
back 1501699987 1167.30627441406 516.359924316406 1  0
back 1501699987 1149.78515625 504.674987792969 1  0
w 1501699988 204.068161010742 265.156677246094 1  0
e 1501699988 355.944152832031 269.236938476562 1  0
r 1501699989 443.781463623047 275.228057861328 2  0
e 1501699991 378.367065429688 254.319671630859 1  0
d 1501699992 398.020416259766 357.27490234375 1  0
