t 1501699526 589.541748046875 289.627136230469 1  0
h 1501699526 775.699829101562 375.758056640625 1  0
space 1501699527 689.477294921875 630.836853027344 1  0
back 1501699528 1178.10217285156 512.107177734375 2  0
e 1501699528 327.34521484375 261.726501464844 1  0
space 1501699529 690.26611328125 647.6240234375 0  0
s 1501699529 292.029754638672 369.056915283203 1  0
u 1501699529 850.281494140625 258.7578125 2  0
m 1501699530 998.970886230469 484.370697021484 1  0
e 1501699530 363.485900878906 275.174072265625 1  0
back 1501699531 1175.66247558594 526.218933105469 2  0
space 1501699531 771.802062988281 667.28125 0  0
o 1501699532 1074.13549804688 279.990875244141 2  0
o 1501699533 1069.693359375 283.620361328125 2  0
f 1501699533 486.013092041016 389.589324951172 1  0
back 1501699536 1165.26440429688 526.365173339844 2  0
back 1501699536 1169.00427246094 506.375885009766 1  0
f 1501699537 491.409423828125 395.313812255859 1  0
space 1501699537 715.318298339844 648.172912597656 0  0
t 1501699538 568.785400390625 291.302337646484 1  0
h 1501699538 768.789245605469 376.312408447266 1  0
e 1501699538 327.981750488281 268.224975585938 1  0
space 1501699538 686.636047363281 626.003173828125 0  0
p 1501699539 1218.24914550781 281.472412109375 3  0
a 1501699539 149.824951171875 403.2451171875 1  0
r 1501699540 485.153350830078 294.783233642578 1  0
t 1501699540 580.703979492188 280.527587890625 1  0
s 1501699540 206.654998779297 375.924285888672 2  0
