c 1501699466 531.148498535156 502.082763671875 1  0
a 1501699467 165.785049438477 408.457794189453 2  0
l 1501699467 1144.71069335938 398.21826171875 1  0
l 1501699467 1145.68432617188 394.891418457031 1  0
space 1501699468 606.61376953125 671.892761230469 0  0
f 1501699468 506.786407470703 407.585662841797 1  0
o 1501699469 1081.53112792969 276.122680664062 1  0
o 1501699469 1076.91381835938 279.767028808594 1  0
r 1501699469 443.301635742188 271.993621826172 1  0
back 1501699469 1159.94787597656 536.6240234375 3  0
r 1501699470 466.126373291016 270.148223876953 1  0
back 1501699470 1203.41284179688 506.870422363281 3  0
back 1501699470 1197.3115234375 504.12744140625 2  0
r 1501699471 462.667755126953 270.427856445312 1  0
space 1501699471 537.788024902344 655.787963867188 0  0
n 1501699472 903.473022460938 511.3427734375 2  0
n 1501699472 898.395263671875 514.972473144531 1  0
o 1501699472 1108.20922851562 287.060424804688 1  0
r 1501699473 452.944549560547 274.487335205078 1  0
r 1501699473 437.807373046875 269.163940429688 1  0
back 1501699473 1188.1533203125 495.168762207031 1  0
back 1501699475 1241.63037109375 516.911926269531 1  0
back 1501699475 1214.80798339844 515.645263671875 1  0
back 1501699476 1201.46008300781 513.478881835938 1  0
back 1501699476 1198.46655273438 510.490234375 1  0
m 1501699477 1046.05029296875 509.689788818359 1  0
o 1501699478 1137.14758300781 281.459106445312 1  0
r 1501699478 466.777038574219 273.369201660156 1  0
e 1501699478 361.077941894531 255.719436645508 1  0
space 1501699479 743.828979492188 662.756896972656 0  0
d 1501699479 370.862060546875 404.985565185547 1  0
e 1501699479 346.898101806641 296.140167236328 1  0
t 1501699480 556.591857910156 302.780151367188 2  0
a 1501699480 87.6373519897461 408.240447998047 1  0
i 1501699481 989.98779296875 267.134704589844 2  0
s 1501699481 256.826568603516 384.899047851562 1  0
l 1501699482 1158.0234375 387.404113769531 2  0
s 1501699482 261.685943603516 378.004333496094 2  0
back 1501699483 1149.89331054688 501.438232421875 1  0
back 1501699483 1177.04162597656 492.822052001953 1  0
back 1501699483 1186.58959960938 485.601318359375 1  0
l 1501699484 1176.85363769531 392.398529052734 1  0
s 1501699484 258.8505859375 391.237762451172 1  0
