w 1501699667 214.081146240234 264.345855712891 3  0
e 1501699667 329.572021484375 284.460113525391 1  0
i 1501699667 963.783447265625 262.698822021484 2  0
t 1501699668 592.391845703125 263.215179443359 1  0
h 1501699668 766.166381835938 370.015533447266 2  0
back 1501699668 1129.38439941406 512.749389648438 1  0
back 1501699668 1151.5107421875 504.537872314453 1  0
back 1501699669 1211.95922851562 505.002563476562 2  0
back 1501699670 1188.56848144531 508.049285888672 1  0
i 1501699670 929.156372070312 262.217712402344 1  0
t 1501699670 600.464782714844 256.010406494141 1  0
h 1501699671 740.983764648438 394.797668457031 1  0
space 1501699671 689.427490234375 628.311889648438 1  0
e 1501699671 300.293121337891 277.011901855469 1  0
a 1501699672 136.366790771484 358.798583984375 2  0
c 1501699673 491.833709716797 566.257751464844 1  0
h 1501699673 812.033325195312 385.853088378906 1  0
space 1501699673 593.654418945312 646.830871582031 1  0
s 1501699674 267.646301269531 387.280517578125 1  0
t 1501699674 594.439270019531 285.961334228516 1  0
e 1501699675 333.828216552734 271.026092529297 1  0
p 1501699675 1183.81677246094 264.605712890625 2  0
space 1501699675 534.591003417969 628.749694824219 1  0
f 1501699677 507.128479003906 403.798278808594 1  0
o 1501699678 1089.662109375 282.011932373047 1  0
r 1501699678 474.736877441406 285.814483642578 1  0
w 1501699678 194.905044555664 269.173126220703 1  0
a 1501699679 158.469833374023 386.303527832031 1  0
t 1501699679 564.420288085938 272.024688720703 2  0
d 1501699680 403.501220703125 376.363403320312 1  0
s 1501699680 277.238372802734 393.010406494141 2  0
back 1501699680 1130.79235839844 480.343719482422 2  0
back 1501699680 1139.26330566406 498.544616699219 3  0
r 1501699681 435.078857421875 266.110107421875 2  0
back 1501699681 1166.98120117188 502.459289550781 3  0
r 1501699682 459.584045410156 254.299758911133 2  0
back 1501699682 1194.42199707031 488.209808349609 1  0
back 1501699682 1192.8154296875 494.798248291016 1  0
r 1501699683 465.680511474609 250.52880859375 1  0
d 1501699683 428.082153320312 364.625061035156 2  0
