t 1501609236 582.050354003906 250.778198242188 1  0
t 1501609236 582.050354003906 250.778198242188 2  0
back 1501609237 1111.68078613281 478.127349853516 3  0
h 1501609238 746.443725585938 361.251586914062 1  0
e 1501609238 381.858978271484 280.807739257812 1  0
e 1501609238 322.494964599609 248.495727539062 2  0
back 1501609239 1120.84631347656 470.8828125 3  0
space 1501609240 677.367126464844 596.359680175781 2  0
s 1501609241 323.408843994141 387.688415527344 1  0
e 1501609242 341.532073974609 265.538726806641 2  0
c 1501609245 520.310485839844 522.53076171875 0  0
c 1501609245 501.95458984375 544.160522460938 2  0
back 1501609246 1107.24279785156 488.227386474609 3  0
o 1501609247 1021.63018798828 279.534240722656 1  0
n 1501609248 855.150756835938 479.608673095703 2  0
d 1501609248 465.583740234375 394.461730957031 1  0
d 1501609248 425.415893554688 361.199340820312 2  0
x 1501609248 397.806915283203 454.683807373047 0  0
back 1501609249 1134.63659667969 469.755615234375 2  0
back 1501609249 1107.74633789062 471.953582763672 2  0
back 1501609249 1158.5966796875 484.202484130859 1  0
d 1501609250 466.892395019531 404.340972900391 1  0
space 1501609251 699.401489257812 587.770568847656 2  0
l 1501609252 1092.00329589844 378.738525390625 1  0
a 1501609253 200.153961181641 369.682922363281 1  0
r 1501609253 475.312652587891 242.695236206055 2  0
g 1501609254 640.894836425781 376.462585449219 1  0
e 1501609255 379.692413330078 260.832061767578 1  0
s 1501609255 346.532348632812 408.015014648438 1  0
s 1501609255 299.555816650391 382.576171875 2  0
back 1501609256 1114.23510742188 484.411010742188 3  0
t 1501609257 571.195617675781 241.236755371094 2  0
space 1501609257 675.823486328125 596.485534667969 3  0
c 1501609259 544.160217285156 503.670349121094 1  0
o 1501609259 1032.03857421875 278.678863525391 1  0
u 1501609260 807.799133300781 274.055541992188 1  0
b 1501609261 737.305725097656 492.492797851562 2  0
back 1501609262 1115.462890625 461.574523925781 3  0
n 1501609263 865.731506347656 498.227386474609 3  0
t 1501609263 604.852478027344 312.227264404297 1  0
r 1501609263 513.050415039062 315.617279052734 1  0
y 1501609264 727.609985351562 265.901214599609 2  0
