c 1501608820 517.798583984375 489.067352294922 1  0
c 1501608820 517.798583984375 489.067352294922 1  0
c 1501608820 515.463317871094 500.888763427734 1  0
x 1501608820 435.427032470703 478.688690185547 1  0
back 1501608821 1121.85375976562 493.521942138672 1  0
back 1501608822 1118.40893554688 493.803344726562 1  0
back 1501608822 1167.96630859375 486.681671142578 1  0
a 1501608823 195.529983520508 386.803466796875 2  0
l 1501608825 1098.2822265625 365.141235351562 1  0
x 1501608825 375.858032226562 535.019958496094 2  0
back 1501608827 1156.21179199219 477.734893798828 3  0
l 1501608828 1104.55358886719 374.440368652344 1  0
f 1501608830 559.472900390625 388.138397216797 1  0
back 1501608831 1097.94897460938 466.256469726562 3  0
space 1501608831 592.980773925781 584.558288574219 1  0
f 1501608832 511.207397460938 402.084075927734 1  0
o 1501608833 1017.19305419922 289.771697998047 3  0
o 1501608833 1017.19305419922 289.771697998047 2  0
r 1501608834 495.954254150391 315.637268066406 3  0
back 1501608834 1164.05773925781 480.681701660156 1  0
back 1501608834 1162.30786132812 499.262664794922 1  0
f 1501608835 522.99755859375 379.757629394531 4  0
b 1501608835 731.241516113281 537.534973144531 2  0
back 1501608836 1109.79431152344 521.964050292969 4  0
back 1501608836 1164.82165527344 502.810455322266 1  0
r 1501608837 471.289123535156 304.153686523438 3  0
e 1501608837 413.530456542969 281.326538085938 2  0
back 1501608838 1136.66931152344 499.309112548828 1  0
space 1501608839 724.880249023438 592.485412597656 2  0
n 1501608840 903.961730957031 474.249176025391 3  0
m 1501608842 1008.37133789062 511.493286132812 2  0
back 1501608842 1088.15185546875 487.908630371094 1  0
back 1501608843 1146.75 495.072723388672 1  0
back 1501608843 1151.27856445312 495.385559082031 1  0
m 1501608843 1019.69848632812 477.099273681641 3  0
m 1501608843 948.004150390625 465.514739990234 2  0
back 1501608844 1124.42321777344 502.356658935547 1  0
back 1501608845 1124.87548828125 506.072479248047 1  0
n 1501608845 828.602844238281 536.400817871094 1  0
space 1501608845 620.093994140625 638.325073242188 0  0
back 1501608846 1158.68579101562 513.542175292969 1  0
back 1501608847 1164.47448730469 500.450561523438 1  0
c 1501608847 546.810424804688 524.291015625 2  0
back 1501608848 1109.85021972656 499.793212890625 2  0
space 1501608849 774.879272460938 589.257446289062 1  0
m 1501608851 945.370300292969 501.452819824219 2  0
o 1501608852 989.613952636719 311.762054443359 2  0
r 1501608853 453.125640869141 289.695861816406 1  0
e 1501608854 332.044799804688 282.302886962891 3  0
space 1501608855 742.633911132812 650.511596679688 1  0
space 1501608855 723.679382324219 578.99462890625 2  0
d 1501608855 375.131134033203 365.328155517578 1  0
e 1501608856 362.920593261719 281.845428466797 1  0
e 1501608856 315.957580566406 263.298370361328 2  0
t 1501608856 574.059265136719 255.086685180664 1  0
back 1501608857 1124.599609375 474.678802490234 1  0
back 1501608861 1123.267578125 454.604919433594 1  0
t 1501608862 572.299621582031 277.462921142578 1  0
a 1501608863 213.393920898438 377.917877197266 1  0
l 1501608864 1111.24536132812 347.708251953125 1  0
back 1501608865 1154.69860839844 461.959167480469 1  0
enter 1501608865 1087.69323730469 597.353820800781 2  0
back 1501608871 1149.79064941406 503.355590820312 2  0
a 1501608872 153.593612670898 403.175811767578 1  0
o 1501608875 981.393493652344 256.483215332031 3  0
back 1501608876 1171.44958496094 486.909454345703 1  0
i 1501608877 912.488037109375 281.399627685547 1  0
l 1501608877 1120.78393554688 395.983367919922 3  0
a 1501608878 246.428070068359 399.004089355469 3  0
back 1501608879 1152.80407714844 471.518951416016 3  0
s 1501608880 288.718322753906 355.153045654297 1  0
