a 1501608956 196.739807128906 399.807312011719 3  0
a 1501608956 201.207382202148 399.268402099609 1  0
back 1501608957 1089.720703125 499.389587402344 2  0
l 1501608959 1073.84887695312 380.226257324219 1  0
l 1501608960 1076.20263671875 399.634796142578 1  0
l 1501608960 1059.09814453125 401.035736083984 1  0
back 1501608961 1096.9365234375 494.02099609375 1  0
back 1501608961 1092.54467773438 490.965148925781 1  0
l 1501608963 1088.19860839844 401.916656494141 2  0
l 1501608963 1089.67980957031 398.530944824219 2  0
back 1501608964 1143.78784179688 490.193634033203 1  0
space 1501608964 651.083618164062 628.179382324219 1  0
space 1501608964 710.890747070312 573.238891601562 2  0
w 1501608966 236.039505004883 279.784576416016 1  0
o 1501608967 1065.11560058594 295.701568603516 3  0
r 1501608968 471.988647460938 302.363098144531 1  0
k 1501608968 992.604125976562 386.884094238281 1  0
space 1501608969 682.024475097656 590.546447753906 1  0
a 1501608970 219.905044555664 411.515106201172 1  0
n 1501608971 829.130126953125 508.048370361328 1  0
d 1501608972 413.267883300781 379.279235839844 2  0
space 1501608972 739.626342773438 604.859558105469 1  0
b 1501608974 786.196044921875 508.483703613281 1  0
n 1501608974 901.536682128906 512.031127929688 1  0
back 1501608975 1101.83044433594 485.424591064453 1  0
back 1501608976 1079.68188476562 490.479187011719 2  0
space 1501608976 414.641754150391 578.367370605469 1  0
n 1501608976 869.704895019531 498.073425292969 3  0
o 1501608977 1064.92248535156 302.2919921875 3  0
space 1501608977 758.58349609375 596.52734375 2  0
space 1501608977 733.88427734375 598.541015625 1  0
p 1501608978 1107.36743164062 305.378479003906 1  0
l 1501608979 1068.24011230469 377.416442871094 1  0
a 1501608979 228.357925415039 399.280639648438 2  0
y 1501608980 703.309143066406 308.9833984375 1  0
