t 1501609185 588.401550292969 272.145904541016 2  0
i 1501609186 927.618530273438 280.675994873047 1  0
m 1501609188 967.920349121094 493.121551513672 1  0
e 1501609189 336.650787353516 250.114013671875 1  0
space 1501609190 702.106201171875 590.946594238281 2  0
t 1501609191 583.742553710938 253.941925048828 1  0
o 1501609191 1045.412109375 270.993896484375 3  0
space 1501609192 713.127197265625 586.651123046875 2  0
g 1501609193 678.71875 392.479705810547 1  0
o 1501609194 1042.96789550781 277.780670166016 2  0
s 1501609195 341.568481445312 381.369842529297 1  0
back 1501609196 1147.3173828125 481.707855224609 3  0
space 1501609197 625.20166015625 618.934020996094 1  0
s 1501609199 305.397064208984 354.64697265625 1  0
h 1501609200 754.471618652344 393.325866699219 2  0
o 1501609200 998.748474121094 261.650024414062 1  0
p 1501609201 1143.09130859375 269.552459716797 3  0
p 1501609201 1143.57458496094 276.09716796875 3  0
i 1501609202 914.156921386719 271.90087890625 1  0
n 1501609203 858.595703125 479.326995849609 2  0
g 1501609203 635.469665527344 353.276947021484 1  0
