t 1501609083 603.474853515625 276.460144042969 1  0
h 1501609084 735.300048828125 394.897491455078 1  0
e 1501609085 365.615875244141 303.484069824219 3  0
e 1501609085 332.837310791016 276.332946777344 2  0
space 1501609085 696.959838867188 591.366271972656 1  0
z 1501609085 347.155487060547 540.607666015625 3  0
back 1501609086 1179.72119140625 488.624053955078 1  0
back 1501609087 1092.11486816406 521.703369140625 1  0
back 1501609092 1091.36938476562 496.012176513672 1  0
space 1501609094 708.151611328125 587.056945800781 2  0
p 1501609095 1127.68310546875 297.137939453125 1  0
k 1501609095 1011.05725097656 400.331085205078 4  0
back 1501609096 1123.88354492188 483.622650146484 1  0
r 1501609097 471.529479980469 265.090423583984 1  0
i 1501609097 943.318725585938 282.678039550781 2  0
s 1501609099 327.138732910156 388.416748046875 3  0
s 1501609099 341.885498046875 357.005981445312 1  0
back 1501609100 1168.30041503906 512.416320800781 1  0
back 1501609100 1167.80151367188 505.637115478516 1  0
c 1501609100 535.291625976562 472.399444580078 1  0
e 1501609101 360.596374511719 295.226135253906 1  0
space 1501609102 679.579467773438 613.145751953125 1  0
space 1501609103 850.791381835938 655.062377929688 3  0
o 1501609103 1028.56909179688 278.963989257812 3  0
f 1501609103 536.852172851562 347.731475830078 1  0
space 1501609104 723.851196289062 565.379211425781 2  0
g 1501609105 681.849975585938 373.102844238281 3  0
g 1501609105 658.174621582031 375.045043945312 2  0
a 1501609105 234.810623168945 394.4423828125 1  0
back 1501609106 1148.15905761719 455.650115966797 1  0
back 1501609106 1125.85754394531 505.309997558594 1  0
a 1501609106 226.576065063477 421.983673095703 2  0
s 1501609107 328.019317626953 388.516845703125 1  0
s 1501609107 307.291107177734 371.416290283203 2  0
back 1501609108 1159.44592285156 493.352966308594 1  0
space 1501609108 728.956359863281 581.962585449219 1  0
space 1501609108 741.312561035156 580.954772949219 2  0
i 1501609110 943.846252441406 289.217651367188 3  0
s 1501609110 261.711212158203 385.337677001953 3  0
s 1501609110 325.555328369141 410.424133300781 1  0
space 1501609111 705.013916015625 577.1181640625 2  0
back 1501609111 1136.15502929688 459.882751464844 1  0
back 1501609111 1067.87841796875 465.465057373047 2  0
space 1501609117 681.118957519531 622.512878417969 1  0
h 1501609118 731.677917480469 385.382659912109 1  0
i 1501609119 912.03857421875 295.12158203125 2  0
v 1501609119 683.981079101562 474.102844238281 2  0
g 1501609120 671.789123535156 387.021820068359 2  0
h 1501609120 717.742126464844 383.253387451172 3  0
back 1501609122 1168.17346191406 484.786315917969 1  0
back 1501609122 1126.50134277344 476.916137695312 1  0
back 1501609123 1123.05456542969 477.197845458984 1  0
g 1501609124 674.327453613281 390.085327148438 2  0
h 1501609124 746.922790527344 400.482421875 1  0
