t 1501609359 607.124145507812 262.964508056641 1  0
h 1501609359 757.496887207031 370.172210693359 1  0
i 1501609360 907.990783691406 269.112548828125 1  0
s 1501609360 326.940399169922 379.638336181641 1  0
s 1501609360 332.647918701172 435.640380859375 4  0
s 1501609360 283.013885498047 369.094146728516 2  0
space 1501609361 666.535583496094 583.655883789062 2  0
back 1501609362 1106.29565429688 468.823547363281 3  0
back 1501609362 1134.91101074219 482.721588134766 3  0
back 1501609362 1108.72180175781 484.861511230469 3  0
space 1501609363 713.382141113281 579.834594726562 2  0
p 1501609365 1134.51782226562 266.963745117188 1  0
e 1501609365 403.221435546875 260.111755371094 1  0
e 1501609365 347.525085449219 245.215408325195 2  0
back 1501609366 1107.12866210938 475.252105712891 2  0
r 1501609367 445.595092773438 237.484634399414 2  0
o 1501609368 1028.23364257812 272.405883789062 2  0
back 1501609369 1107.60314941406 465.467224121094 2  0
s 1501609370 300.198089599609 356.629211425781 3  0
o 1501609371 1028.68505859375 262.484710693359 2  0
o 1501609371 1056.80541992188 260.172729492188 3  0
back 1501609372 1110.64672851562 478.211853027344 3  0
n 1501609373 841.502319335938 490.469329833984 2  0
space 1501609373 658.804931640625 605.001281738281 1  0
i 1501609374 897.581176757812 269.968475341797 1  0
s 1501609374 328.568908691406 385.368408203125 1  0
s 1501609374 290.513275146484 353.968780517578 2  0
back 1501609375 1136.42883300781 472.857330322266 3  0
space 1501609376 654.798583984375 591.408203125 2  0
space 1501609376 620.341003417969 616.786987304688 1  0
a 1501609376 199.135025024414 346.954498291016 1  0
space 1501609377 692.538879394531 588.330261230469 2  0
space 1501609377 658.04638671875 613.713806152344 1  0
d 1501609378 443.057312011719 413.178558349609 1  0
d 1501609378 399.896453857422 360.359558105469 2  0
back 1501609378 1079.41491699219 518.650085449219 4  0
s 1501609379 304.269226074219 352.147399902344 2  0
s 1501609379 340.791870117188 382.2958984375 1  0
s 1501609379 279.594970703125 436.8955078125 0  0
back 1501609380 1113.16064453125 474.759094238281 3  0
back 1501609380 1120.98657226562 477.366851806641 3  0
back 1501609380 1088.59008789062 480.014434814453 2  0
back 1501609380 1154.56909179688 490.6787109375 1  0
d 1501609382 450.960205078125 401.516143798828 1  0
i 1501609383 900.843872070312 256.511962890625 1  0
s 1501609384 298.188171386719 354.029602050781 2  0
a 1501609384 207.210479736328 357.355895996094 2  0
s 1501609385 304.544799804688 361.627380371094 2  0
t 1501609386 569.932434082031 240.81884765625 1  0
e 1501609386 378.773040771484 283.145050048828 1  0
e 1501609386 344.076232910156 254.373947143555 2  0
back 1501609387 1113.06970214844 494.239501953125 2  0
r 1501609388 489.253662109375 282.212463378906 1  0
r 1501609388 455.048278808594 253.757843017578 2  0
back 1501609389 1134.3955078125 466.526519775391 2  0
