t 1501609490 574.892822265625 292.167572021484 3  0
i 1501609491 891.701416015625 277.041473388672 1  0
c 1501609492 495.181091308594 459.573547363281 2  0
c 1501609492 538.806396484375 512.993103027344 1  0
back 1501609493 1150.48596191406 484.694305419922 3  0
back 1501609493 1134.80725097656 485.975280761719 2  0
c 1501609494 539.580139160156 532.04833984375 1  0
k 1501609494 948.441223144531 380.695404052734 1  0
e 1501609495 365.717529296875 260.939636230469 2  0
t 1501609496 577.585388183594 311.698150634766 1  0
s 1501609497 314.093963623047 393.623931884766 1  0
a 1501609498 186.015594482422 380.856109619141 1  0
back 1501609499 1106.18054199219 494.802276611328 2  0
space 1501609500 613.734436035156 614.442749023438 1  0
a 1501609501 207.936157226562 364.207702636719 2  0
e 1501609502 412.061981201172 261.122344970703 2  0
e 1501609502 353.199188232422 263.361236572266 1  0
back 1501609503 1131.32690429688 476.521789550781 3  0
back 1501609503 1110.20104980469 481.494750976562 2  0
r 1501609504 503.950347900391 256.860076904297 1  0
e 1501609504 368.925750732422 259.806091308594 2  0
space 1501609505 604.330139160156 624.703002929688 1  0
space 1501609506 656.125793457031 658.737548828125 0  0
space 1501609506 589.3173828125 626.604248046875 1  0
v 1501609507 644.593322753906 474.072692871094 3  0
e 1501609508 385.683929443359 301.660095214844 1  0
e 1501609508 383.923217773438 296.255798339844 1  0
r 1501609509 493.990692138672 284.252227783203 1  0
back 1501609509 1109.69641113281 497.757934570312 2  0
back 1501609509 1118.064453125 493.831481933594 3  0
r 1501609510 497.332275390625 291.783630371094 1  0
y 1501609511 732.116271972656 279.411926269531 2  0
space 1501609511 624.267333984375 610.700866699219 1  0
e 1501609512 374.302185058594 257.624481201172 1  0
c 1501609514 482.546844482422 474.318176269531 2  0
back 1501609515 1150.13110351562 500.939483642578 1  0
x 1501609516 396.303924560547 543.755249023438 1  0
p 1501609517 1145.06848144531 272.682525634766 3  0
e 1501609518 338.786407470703 253.939819335938 2  0
e 1501609518 334.009216308594 267.200988769531 2  0
n 1501609519 880.5478515625 474.282043457031 1  0
back 1501609520 1067.07250976562 475.278228759766 2  0
back 1501609520 1057.11889648438 492.322662353516 2  0
n 1501609521 906.2314453125 501.748474121094 1  0
s 1501609523 264.124572753906 361.665405273438 1  0
i 1501609524 909.111022949219 265.724456787109 1  0
v 1501609525 656.547546386719 479.599151611328 1  0
e 1501609526 356.545959472656 247.953186035156 1  0
e 1501609526 355.453125 251.001358032227 2  0
back 1501609529 1157.11352539062 471.166748046875 1  0
back 1501609529 1124.36352539062 473.843444824219 2  0
e 1501609531 378.630676269531 265.960601806641 2  0
e 1501609531 401.862823486328 264.047943115234 1  0
back 1501609532 1089.40148925781 492.929351806641 1  0
back 1501609532 1172.41088867188 502.361267089844 4  0
enter 1501609532 1097.97192382812 605.328857421875 2  0
e 1501609533 355.262237548828 294.277069091797 1  0
back 1501609534 1120.60375976562 467.653930664062 2  0
back 1501609534 1127.67639160156 499.531707763672 2  0
v 1501609535 642.604248046875 522.43603515625 1  0
e 1501609537 408.795715332031 245.737670898438 2  0
