p 1501609395 1148.75146484375 265.793914794922 2  0
p 1501609395 1121.32641601562 268.047912597656 1  0
back 1501609396 1170.04248046875 470.110046386719 1  0
back 1501609396 1120.91650390625 474.125183105469 2  0
p 1501609397 1140.10412597656 276.38232421875 3  0
r 1501609398 476.463012695312 270.938354492188 1  0
o 1501609400 1041.26208496094 264.74609375 2  0
t 1501609401 548.973205566406 315.434783935547 1  0
t 1501609401 558.5615234375 287.441314697266 1  0
back 1501609402 1131.18896484375 470.037414550781 3  0
e 1501609402 395.684356689453 256.385406494141 1  0
e 1501609402 329.618621826172 261.825653076172 2  0
back 1501609403 1116.86706542969 510.137115478516 2  0
c 1501609404 536.031433105469 494.760589599609 1  0
c 1501609404 503.597137451172 460.427612304688 2  0
back 1501609405 1106.98364257812 507.704040527344 3  0
t 1501609407 592.951721191406 266.562377929688 1  0
t 1501609407 551.680847167969 269.958465576172 2  0
back 1501609408 1120.60375976562 467.653930664062 3  0
space 1501609409 669.092407226562 604.16259765625 1  0
y 1501609412 706.09765625 257.772979736328 2  0
o 1501609413 1032.05102539062 272.092102050781 1  0
u 1501609414 809.942504882812 254.092010498047 1  0
e 1501609415 400.406341552734 252.865966796875 3  0
r 1501609415 477.951019287109 246.479904174805 1  0
r 1501609415 452.099792480469 248.608840942383 2  0
back 1501609416 1139.29516601562 453.123046875 2  0
back 1501609416 1092.84619140625 492.64794921875 1  0
back 1501609416 1089.67236328125 489.662933349609 2  0
r 1501609417 503.640441894531 242.624374389648 1  0
space 1501609417 709.058715820312 633.787353515625 1  0
e 1501609418 341.965759277344 266.372131347656 1  0
v 1501609419 618.669006347656 482.69775390625 1  0
back 1501609420 1071.24877929688 529.539245605469 4  0
n 1501609421 867.3564453125 472.110260009766 2  0
v 1501609423 644.814880371094 470.801239013672 2  0
i 1501609423 914.823486328125 258.660308837891 2  0
r 1501609424 499.645843505859 325.027069091797 4  0
d 1501609424 441.957366943359 341.527801513672 2  0
back 1501609425 1090.70849609375 466.848419189453 3  0
o 1501609426 991.968933105469 281.971832275391 1  0
n 1501609427 853.573364257812 473.237487792969 2  0
m 1501609427 980.492126464844 485.602294921875 3  0
e 1501609428 344.975219726562 296.164276123047 0  0
n 1501609429 856.310241699219 489.258850097656 1  0
t 1501609429 566.091491699219 254.004348754883 2  0
