t 1501609325 592.088562011719 270.453521728516 1  0
h 1501609325 735.943725585938 378.488006591797 1  0
e 1501609326 356.874877929688 259.929016113281 2  0
space 1501609326 673.936950683594 596.639404296875 3  0
l 1501609327 1089.5322265625 392.011871337891 1  0
i 1501609327 901.274597167969 289.425140380859 1  0
b 1501609327 739.655700683594 495.548065185547 2  0
r 1501609328 496.624359130859 251.551788330078 2  0
a 1501609328 207.238967895508 390.498809814453 3  0
r 1501609329 496.236083984375 249.322906494141 1  0
y 1501609329 687.344787597656 280.665557861328 1  0
space 1501609330 522.472839355469 592.009582519531 2  0
i 1501609335 892.336486816406 286.8681640625 1  0
s 1501609336 308.404205322266 365.282531738281 1  0
space 1501609336 643.078308105469 629.339782714844 1  0
c 1501609337 538.613586425781 538.267333984375 4  0
l 1501609338 1070.7158203125 387.019592285156 1  0
o 1501609338 1010.43792724609 283.745574951172 2  0
e 1501609339 339.135162353516 257.389984130859 2  0
back 1501609340 1106.26684570312 475.322509765625 3  0
e 1501609341 337.819763183594 261.671936035156 2  0
back 1501609342 1108.23425292969 478.409027099609 3  0
s 1501609343 290.937133789062 358.0810546875 2  0
e 1501609343 350.890441894531 243.893798828125 2  0
d 1501609344 403.712554931641 361.945526123047 2  0
d 1501609344 384.037933349609 426.443786621094 0  0
back 1501609345 1138.08422851562 469.473815917969 3  0
space 1501609345 661.221374511719 616.337463378906 1  0
t 1501609346 588.841064453125 297.607604980469 1  0
o 1501609347 1022.15057373047 279.491455078125 1  0
d 1501609347 407.431182861328 369.580322265625 2  0
a 1501609350 196.26481628418 378.979156494141 3  0
a 1501609350 190.630630493164 433.874969482422 0  0
back 1501609351 1127.88000488281 476.803466796875 3  0
y 1501609353 728.300170898438 275.736114501953 2  0
