f 1501609015 486.207000732422 355.689880371094 1  0
o 1501609016 1043.92956542969 274.409027099609 2  0
r 1501609018 459.194641113281 253.242568969727 2  0
b 1501609019 718.542236328125 523.226928710938 2  0
space 1501609019 671.975769042969 632.066772460938 0  0
y 1501609020 711.562194824219 291.850708007812 3  0
o 1501609021 1001.32958984375 287.784881591797 3  0
i 1501609021 872.7041015625 252.228454589844 3  0
back 1501609022 1136.59826660156 512.276977539062 1  0
u 1501609024 835.267272949219 284.974243164062 3  0
z 1501609024 336.661010742188 512.43505859375 0  0
back 1501609026 1159.59936523438 497.777648925781 1  0
r 1501609027 465.595092773438 276.000457763672 2  0
space 1501609027 685.02880859375 585.545471191406 2  0
space 1501609027 734.447937011719 581.5146484375 1  0
back 1501609031 1087.63879394531 508.430999755859 1  0
back 1501609031 1165.05798339844 494.260070800781 1  0
back 1501609031 1107.96301269531 486.289916992188 1  0
back 1501609032 1091.85571289062 491.021423339844 1  0
back 1501609032 1096.67858886719 490.627410888672 1  0
back 1501609032 1093.75024414062 497.695159912109 1  0
back 1501609032 1100.55517578125 486.895202636719 1  0
enter 1501609032 1108.91845703125 597.150390625 2  0
back 1501609032 1094.61169433594 490.796264648438 1  0
space 1501609033 672.4541015625 606.9423828125 1  0
y 1501609034 709.539428710938 288.723999023438 1  0
o 1501609036 1030.81201171875 285.362426757812 2  0
u 1501609036 840.917358398438 287.802398681641 3  0
r 1501609037 494.197204589844 288.225616455078 1  0
b 1501609037 709.105773925781 522.291870117188 2  0
space 1501609037 650.01806640625 618.437255859375 0  0
i 1501609038 885.5947265625 294.004364013672 1  0
back 1501609038 1115.44934082031 495.922668457031 1  0
back 1501609039 1128.60095214844 500.309356689453 1  0
enter 1501609039 1053.52770996094 604.374084472656 2  0
back 1501609039 1127.42102050781 500.746978759766 1  0
space 1501609040 646.8779296875 629.369018554688 1  0
space 1501609040 698.068908691406 584.481872558594 2  0
i 1501609041 907.704956054688 295.477661132812 2  0
b 1501609042 748.377746582031 507.98876953125 1  0
n 1501609043 854.789733886719 487.673980712891 1  0
back 1501609044 1173.96325683594 490.460144042969 1  0
back 1501609044 1160.08471679688 492.618072509766 1  0
n 1501609045 837.860961914062 500.675842285156 1  0
d 1501609046 468.425476074219 364.573120117188 3  0
back 1501609047 1153.04016113281 488.754821777344 1  0
enter 1501609047 1076.29174804688 595.061584472656 2  0
f 1501609048 496.126068115234 380.928192138672 3  0
back 1501609049 1167.62170410156 498.487457275391 1  0
back 1501609049 1152.28308105469 492.572540283203 1  0
n 1501609050 828.966369628906 497.986724853516 2  0
n 1501609050 813.995239257812 515.428833007812 1  0
f 1501609051 559.830261230469 386.386383056641 1  0
back 1501609051 1161.71020507812 493.509399414062 1  0
back 1501609052 1095.30065917969 490.739990234375 1  0
f 1501609053 488.164794921875 415.6728515625 3  0
o 1501609053 1035.54858398438 301.417572021484 1  0
o 1501609053 1035.54858398438 301.417572021484 3  0
back 1501609054 1103.97485351562 520.564819335938 4  0
r 1501609055 471.990753173828 284.326904296875 1  0
m 1501609056 996.324523925781 512.477111816406 1  0
a 1501609056 212.293884277344 379.043609619141 1  0
t 1501609057 550.255798339844 299.393707275391 3  0
i 1501609059 924.149841308594 280.961090087891 1  0
x 1501609060 461.673675537109 539.437377929688 1  0
o 1501609062 1046.42199707031 284.079833984375 2  0
back 1501609063 1160.88928222656 505.860412597656 1  0
back 1501609063 1104.08557128906 490.022277832031 1  0
o 1501609065 1029.07763671875 285.504943847656 2  0
n 1501609069 882.794555664062 503.322021484375 3  0
space 1501609070 702.963928222656 590.876647949219 1  0
o 1501609071 1023.61975097656 282.662384033203 2  0
n 1501609072 813.052612304688 518.576782226562 1  0
l 1501609073 1103.82055664062 403.901123046875 3  0
y 1501609076 738.523864746094 272.813415527344 2  0
