s 1501609271 332.530578613281 372.968322753906 1  0
t 1501609272 591.93115234375 270.640167236328 2  0
a 1501609272 233.689147949219 390.396942138672 3  0
a 1501609272 206.607986450195 368.116729736328 2  0
back 1501609273 1110.64672851562 478.211853027344 3  0
back 1501609273 1176.6201171875 488.877380371094 1  0
back 1501609273 1080.69445800781 512.749694824219 4  0
t 1501609274 564.209838867188 267.5380859375 1  0
a 1501609275 203.107467651367 376.173614501953 2  0
b 1501609276 756.046325683594 464.953826904297 3  0
i 1501609277 897.581176757812 269.968475341797 1  0
l 1501609277 1091.01391601562 388.623901367188 1  0
i 1501609278 911.677429199219 288.570220947266 1  0
t 1501609278 592.481140136719 299.214660644531 1  0
y 1501609278 688.572570800781 267.029449462891 1  0
space 1501609281 626.447326660156 624.934326171875 1  0
o 1501609282 1035.17431640625 271.835388183594 2  0
f 1501609283 550.772277832031 419.482025146484 1  0
space 1501609283 656.786865234375 598.037780761719 2  0
t 1501609284 595.121032714844 259.782897949219 1  0
h 1501609284 774.674743652344 365.487945556641 3  0
h 1501609284 727.306945800781 369.373748779297 1  0
back 1501609285 1114.09326171875 477.930206298828 3  0
e 1501609286 349.259857177734 245.072494506836 2  0
space 1501609286 670.5068359375 596.919067382812 2  0
n 1501609287 836.650512695312 484.370330810547 1  0
a 1501609287 232.937698364258 388.216857910156 1  0
t 1501609288 595.487915039062 297.754364013672 1  0
i 1501609289 912.862915039062 275.301788330078 1  0
p 1501609289 1091.51135253906 300.973358154297 1  0
back 1501609290 1104.28601074219 494.95703125 2  0
o 1501609290 1043.66357421875 270.964202880859 3  0
n 1501609291 841.371459960938 480.735382080078 1  0
