w 1501609209 253.926116943359 270.318511962891 1  0
i 1501609211 904.520874023438 269.397857666016 1  0
t 1501609212 593.207580566406 239.076110839844 1  0
h 1501609212 741.654541015625 368.196746826172 2  0
space 1501609213 709.050659179688 583.586181640625 3  0
e 1501609214 358.018188476562 271.306732177734 2  0
a 1501609215 187.173278808594 368.849456787109 2  0
c 1501609216 496.001251220703 468.076995849609 1  0
h 1501609217 754.039672851562 370.455780029297 2  0
space 1501609218 550.599243164062 589.715087890625 2  0
s 1501609219 303.277252197266 367.948120117188 1  0
t 1501609219 554.0078125 253.782211303711 1  0
e 1501609220 376.353759765625 250.149826049805 1  0
p 1501609221 1128.40869140625 274.051483154297 1  0
space 1501609222 545.793151855469 582.799194335938 1  0
f 1501609223 505.863159179688 360.809387207031 2  0
o 1501609224 1065.75244140625 285.782104492188 3  0
r 1501609224 507.866607666016 253.929901123047 1  0
w 1501609225 247.448471069336 271.894714355469 2  0
a 1501609228 221.827438354492 401.711975097656 1  0
r 1501609229 475.521575927734 233.974563598633 1  0
d 1501609230 418.581115722656 397.800567626953 1  0
