c 1501609435 517.703735351562 484.454528808594 2  0
o 1501609436 1011.82543945312 283.631561279297 1  0
m 1501609436 941.740051269531 488.769561767578 2  0
p 1501609437 1152.21179199219 281.969085693359 2  0
a 1501609443 198.626831054688 368.426818847656 1  0
n 1501609444 837.819030761719 504.265258789062 3  0
i 1501609445 888.232543945312 277.32666015625 1  0
e 1501609447 391.098358154297 263.022125244141 1  0
s 1501609448 284.314575195312 378.30712890625 2  0
space 1501609449 678.106140136719 617.843383789062 1  0
a 1501609453 218.666458129883 360.216522216797 1  0
a 1501609453 221.231384277344 384.521087646484 2  0
back 1501609454 1149.962890625 503.341522216797 1  0
n 1501609455 889.755798339844 499.508941650391 1  0
space 1501609455 905.002807617188 599.861633300781 1  0
back 1501609456 1156.25769042969 518.171325683594 1  0
n 1501609457 880.5478515625 474.282043457031 2  0
o 1501609458 1005.76159667969 277.545959472656 3  0
u 1501609459 831.664611816406 275.388427734375 2  0
u 1501609459 803.395690917969 277.712829589844 1  0
n 1501609459 862.534301757812 495.2431640625 2  0
back 1501609460 1060.17944335938 475.841644287109 1  0
back 1501609460 1076.72326660156 474.489379882812 2  0
u 1501609461 790.558227539062 268.533721923828 2  0
n 1501609461 859.977722167969 501.942291259766 3  0
back 1501609462 1087.31005859375 476.871887207031 3  0
back 1501609463 1073.27648925781 474.771118164062 2  0
n 1501609463 865.977478027344 494.961761474609 2  0
f 1501609468 559.880187988281 438.662628173828 1  0
back 1501609469 1122.77978515625 480.466857910156 1  0
c 1501609470 554.314453125 471.699035644531 3  0
c 1501609470 554.314453125 471.699035644531 2  0
c 1501609470 535.372497558594 473.249267578125 1  0
back 1501609471 1117.11657714844 458.188385009766 3  0
back 1501609472 1100.74157714844 498.489379882812 1  0
e 1501609472 357.275482177734 234.312881469727 2  0
space 1501609473 669.098266601562 600.4287109375 3  0
a 1501609475 233.141662597656 433.140563964844 4  0
space 1501609476 738.13427734375 588.008544921875 3  0
m 1501609477 1016.75738525391 479.390930175781 1  0
e 1501609478 378.336486816406 287.520294189453 1  0
r 1501609478 463.323547363281 266.982116699219 1  0
g 1501609479 681.33154296875 373.145355224609 1  0
e 1501609481 354.395233154297 254.393859863281 1  0
r 1501609482 468.491760253906 266.209197998047 1  0
