t 1501608990 547.002624511719 320.443237304688 3  0
h 1501608991 757.580627441406 393.070983886719 1  0
e 1501608991 338.719665527344 289.565185546875 2  0
space 1501608992 729.683654785156 592.09375 1  0
s 1501608993 294.798919677734 378.654144287109 2  0
u 1501608993 833.809387207031 288.386657714844 2  0
m 1501608994 951.723388671875 481.459197998047 1  0
space 1501608995 636.045166015625 616.693908691406 1  0
o 1501608995 1013.72491455078 290.056640625 3  0
f 1501608996 490.552001953125 395.341644287109 2  0
space 1501608997 673.190368652344 586.511047363281 2  0
space 1501608997 704.850952148438 590.722778320312 1  0
t 1501608998 546.484680175781 314.94677734375 3  0
h 1501608998 756.026184082031 393.198425292969 1  0
e 1501608999 344.278656005859 285.81005859375 2  0
space 1501608999 676.010131835938 579.484252929688 2  0
space 1501608999 664.879272460938 618.582275390625 1  0
p 1501609000 1141.07177734375 289.462768554688 1  0
a 1501609001 224.163345336914 387.557464599609 1  0
r 1501609001 456.767395019531 298.414459228516 3  0
t 1501609002 536.84228515625 295.990112304688 3  0
s 1501609002 324.592620849609 380.521057128906 2  0
s 1501609002 302.145690917969 382.363586425781 3  0
back 1501609005 1103.04479980469 510.583648681641 1  0
