h 1501608891 752.732543945312 403.273986816406 1  0
a 1501608892 205.11408996582 386.879119873047 2  0
v 1501608893 662.317749023438 495.376159667969 3  0
e 1501608894 349.040740966797 275.867706298828 1  0
space 1501608894 632.973327636719 624.571960449219 1  0
space 1501608894 654.664611816406 571.024963378906 3  0
a 1501608895 196.882568359375 378.238067626953 2  0
space 1501608895 673.839599609375 589.855285644531 2  0
x 1501608896 410.4521484375 517.16650390625 1  0
back 1501608897 1089.94262695312 522.732604980469 4  0
back 1501608897 1154.14208984375 501.294372558594 1  0
g 1501608898 631.436340332031 385.336608886719 1  0
back 1501608899 1091.56713867188 489.508117675781 1  0
space 1501608899 716.634033203125 587.214416503906 1  0
f 1501608901 560.444274902344 350.285186767578 2  0
o 1501608901 999.852905273438 291.196319580078 2  0
o 1501608901 998.376586914062 294.606872558594 2  0
back 1501608902 1083.83972167969 483.648956298828 1  0
back 1501608902 1067.87316894531 494.688110351562 2  0
back 1501608903 1075.89245605469 490.788787841797 1  0
g 1501608905 608.393798828125 373.268127441406 1  0
o 1501608906 1036.52209472656 291.473175048828 2  0
o 1501608906 1023.61975097656 282.662384033203 2  0
s 1501608907 349.491455078125 365.016510009766 1  0
back 1501608908 1140.69189453125 492.836639404297 1  0
s 1501608908 357.507507324219 375.404083251953 1  0
space 1501608909 874.733825683594 638.404296875 2  0
back 1501608909 1156.73669433594 491.867309570312 1  0
back 1501608910 1143.53540039062 486.799255371094 1  0
s 1501608911 342.366241455078 349.709106445312 1  0
back 1501608912 1139.00537109375 486.486206054688 1  0
d 1501608914 428.045288085938 387.893096923828 2  0
space 1501608914 715.060546875 596.681274414062 1  0
w 1501608916 271.063018798828 273.773803710938 1  0
e 1501608917 369.371032714844 271.240905761719 1  0
e 1501608917 389.650787353516 255.490997314453 2  0
k 1501608918 976.445129394531 391.476348876953 1  0
k 1501608918 976.445129394531 391.476348876953 2  0
back 1501608919 1111.19360351562 471.671813964844 2  0
back 1501608919 1162.04284667969 483.920928955078 1  0
back 1501608919 1097.12426757812 505.609588623047 4  0
e 1501608921 355.955352783203 280.335021972656 3  0
k 1501608922 982.92138671875 407.274963378906 1  0
d 1501608924 437.748779296875 362.603790283203 4  0
back 1501608925 1135.48913574219 499.746765136719 1  0
e 1501608926 376.913635253906 290.760833740234 3  0
n 1501608928 848.576232910156 488.010925292969 1  0
shift 1501608928 202.368606567383 538.960876464844 4  0
z 1501608929 279.233856201172 510.293823242188 4  0
back 1501608929 1160.71801757812 468.307708740234 2  0
d 1501608931 409.099670410156 382.897491455078 1  0
back 1501608932 1112.73571777344 510.474456787109 1  0
shift 1501608937 179.782211303711 510.905334472656 1  0
e 1501608938 377.861694335938 296.754425048828 1  0
d 1501608940 435.210510253906 381.099517822266 2  0
back 1501608940 1108.31872558594 497.870483398438 1  0
n 1501608943 855.029296875 502.858917236328 3  0
d 1501608945 428.222229003906 386.155090332031 1  0
d 1501608945 421.650329589844 376.004272460938 1  0
back 1501608948 1107.60314941406 465.467224121094 1  0
