a 1501609131 182.588973999023 394.418670654297 2  0
a 1501609132 155.944763183594 408.840637207031 1  0
space 1501609132 691.813537597656 591.785949707031 1  0
space 1501609132 691.813537597656 591.785949707031 2  0
back 1501609133 1173.47534179688 495.620422363281 1  0
back 1501609134 1101.44323730469 498.602783203125 3  0
back 1501609136 1136.56555175781 479.34033203125 1  0
space 1501609139 691.162048339844 603.720764160156 1  0
p 1501609140 1136.11083984375 293.158416748047 1  0
p 1501609140 1136.11083984375 293.158416748047 3  0
back 1501609141 1143.58752441406 501.473907470703 1  0
r 1501609143 433.376281738281 291.320465087891 3  0
e 1501609143 400.458709716797 263.989685058594 2  0
back 1501609144 1145.06982421875 498.111114501953 1  0
o 1501609144 1047.43090820312 297.154144287109 3  0
b 1501609146 750.983093261719 502.139984130859 1  0
l 1501609147 1082.619140625 392.578186035156 2  0
e 1501609148 352.111633300781 308.061584472656 3  0
m 1501609149 981.783325195312 488.743133544922 1  0
space 1501609150 714.282043457031 576.362060546875 2  0
w 1501609151 271.684936523438 273.027557373047 1  0
i 1501609156 922.024291992188 304.167419433594 3  0
t 1501609157 576.261657714844 271.234924316406 1  0
space 1501609158 506.599151611328 568.9892578125 1  0
space 1501609158 506.150756835938 566.132507324219 1  0
h 1501609159 773.439392089844 361.278625488281 1  0
back 1501609160 1159.49914550781 496.420715332031 1  0
back 1501609160 1128.09252929688 493.524383544922 1  0
h 1501609161 738.475830078125 381.553100585938 1  0
back 1501609161 1169.50439453125 486.385284423828 1  0
back 1501609161 1088.90844726562 509.180053710938 4  0
h 1501609163 759.404357910156 405.994384765625 1  0
space 1501609164 675.652038574219 596.49951171875 2  0
t 1501609165 581.543518066406 271.668426513672 1  0
h 1501609165 750.214782714844 390.40478515625 1  0
e 1501609166 368.953704833984 274.054870605469 1  0
e 1501609166 376.675445556641 284.880004882812 1  0
space 1501609167 648.094116210938 627.575866699219 1  0
back 1501609167 1158.9033203125 474.268127441406 1  0
back 1501609167 1140.01220703125 479.058685302734 1  0
space 1501609168 711.884704589844 590.149169921875 2  0
space 1501609168 666.297790527344 628.464477539062 1  0
e 1501609169 378.985870361328 255.499649047852 1  0
n 1501609170 838.575439453125 490.708587646484 2  0
g 1501609171 630.314270019531 350.247283935547 1  0
i 1501609173 920.801635742188 250.529357910156 1  0
n 1501609174 877.938537597656 484.5849609375 1  0
e 1501609175 368.680877685547 264.346374511719 1  0
e 1501609175 366.636322021484 261.385559082031 1  0
back 1501609176 1163.17102050781 480.412475585938 2  0
