p 1501609297 1118.00476074219 291.357421875 1  0
l 1501609297 1059.24914550781 378.153289794922 2  0
e 1501609298 386.628326416016 260.260955810547 1  0
a 1501609298 223.730422973633 395.006958007812 1  0
s 1501609299 311.668060302734 410.702453613281 1  0
e 1501609299 368.090911865234 265.437805175781 1  0
space 1501609300 667.799133300781 593.744262695312 3  0
f 1501609302 528.135009765625 375.198303222656 2  0
f 1501609302 551.632446289062 373.270141601562 1  0
f 1501609302 483.394409179688 402.299255371094 3  0
back 1501609303 1138.90209960938 508.337921142578 3  0
back 1501609303 1138.35717773438 482.440002441406 3  0
o 1501609304 1064.25036621094 266.151214599609 3  0
l 1501609305 1101.88708496094 371.388610839844 1  0
l 1501609305 1069.54736328125 374.039245605469 2  0
o 1501609306 1069.20727539062 262.44873046875 2  0
w 1501609307 267.211639404297 255.137893676758 1  0
space 1501609307 685.676574707031 588.889892578125 2  0
t 1501609308 583.592834472656 259.862945556641 2  0
t 1501609308 538.628540039062 287.172882080078 3  0
back 1501609309 1109.22619628906 468.583984375 2  0
h 1501609310 759.350036621094 363.469177246094 1  0
e 1501609310 358.610809326172 242.387344360352 2  0
space 1501609310 617.162231445312 614.163330078125 1  0
g 1501609312 664.993896484375 417.684295654297 1  0
u 1501609312 824.727111816406 275.958862304688 2  0
i 1501609313 895.343811035156 276.742034912109 2  0
d 1501609314 422.490966796875 363.338653564453 2  0
e 1501609314 391.883544921875 300.803405761719 1  0
l 1501609315 1066.47094726562 390.634613037109 1  0
i 1501609315 907.502197265625 288.740081787109 1  0
n 1501609316 865.608581542969 488.498748779297 3  0
e 1501609316 374.283874511719 259.190948486328 2  0
s 1501609317 268.227722167969 352.515747070312 3  0
s 1501609317 283.661102294922 365.242309570312 2  0
back 1501609317 1133.87829589844 466.568786621094 2  0
