q 1501609578 124.741775512695 255.737243652344 2  0
u 1501609581 808.462341308594 283.884552001953 1  0
e 1501609583 343.755584716797 277.171203613281 2  0
s 1501609583 288.431457519531 381.074462890625 2  0
t 1501609584 590.871398925781 281.834838867188 2  0
i 1501609585 889.407836914062 264.048034667969 1  0
o 1501609586 1042.11511230469 271.264892578125 1  0
n 1501609586 841.371459960938 480.735382080078 2  0
space 1501609587 664.649169921875 616.05810546875 1  0
t 1501609588 579.557983398438 261.585052490234 1  0
h 1501609588 742.502014160156 387.766418457031 1  0
a 1501609589 221.152130126953 393.667175292969 1  0
a 1501609589 215.531707763672 373.427154541016 1  0
a 1501609589 224.498153686523 389.082122802734 1  0
a 1501609589 224.498153686523 389.082122802734 2  0
back 1501609590 1167.56677246094 493.031005859375 2  0
back 1501609590 1111.4072265625 481.396209716797 1  0
back 1501609590 1111.68078613281 478.127349853516 2  0
a 1501609591 204.658050537109 398.985229492188 1  0
a 1501609591 196.390853881836 370.337371826172 1  0
back 1501609591 1123.50183105469 473.913879394531 3  0
back 1501609592 1118.064453125 493.831481933594 3  0
t 1501609592 562.295593261719 241.447738647461 1  0
space 1501609593 687.508239746094 578.546264648438 1  0
m 1501609594 962.059326171875 480.614288330078 1  0
u 1501609594 809.397399902344 280.513946533203 2  0
s 1501609595 283.388000488281 352.480163574219 2  0
t 1501609595 568.406127929688 243.206146240234 1  0
space 1501609596 667.585571289062 600.891540527344 2  0
b 1501609596 757.115600585938 481.1259765625 2  0
e 1501609597 369.343811035156 291.904235839844 1  0
e 1501609597 367.558685302734 253.135818481445 1  0
space 1501609597 675.271728515625 599.925354003906 2  0
back 1501609598 1107.60314941406 465.467224121094 2  0
back 1501609598 1090.92651367188 506.11572265625 4  0
space 1501609598 703.821716308594 590.806701660156 1  0
a 1501609599 185.932922363281 360.486450195312 2  0
n 1501609600 856.926147460938 492.455322265625 2  0
s 1501609600 296.437652587891 377.656982421875 2  0
s 1501609600 270.068786621094 385.341522216797 2  0
w 1501609601 244.893569946289 260.803375244141 1  0
e 1501609601 351.654693603516 251.488159179688 2  0
e 1501609601 367.299591064453 250.547561645508 1  0
r 1501609601 487.700805664062 276.959411621094 1  0
back 1501609602 1110.20104980469 481.494750976562 2  0
back 1501609602 1102.37524414062 478.887847900391 2  0
back 1501609602 1113.16064453125 474.759094238281 2  0
back 1501609603 1081.69775390625 480.577697753906 1  0
back 1501609603 1063.34045410156 525.755981445312 4  0
w 1501609604 266.936889648438 267.6826171875 1  0
e 1501609605 392.322906494141 254.227340698242 1  0
r 1501609605 465.840850830078 265.906188964844 1  0
e 1501609605 356.076995849609 269.381378173828 2  0
d 1501609606 398.272918701172 359.802093505859 2  0
