t 1501608752 535.187133789062 306.177307128906 3  0
h 1501608752 750.114196777344 377.325866699219 1  0
space 1501608753 582.9482421875 604.737609863281 1  0
back 1501608754 1102.96459960938 493.528564453125 3  0
s 1501608754 338.788330078125 350.521514892578 1  0
e 1501608755 368.586730957031 280.858276367188 1  0
back 1501608755 1102.23083496094 472.404418945312 2  0
back 1501608756 1146.64501953125 491.326019287109 1  0
back 1501608756 1066.92578125 513.873962402344 4  0
w 1501608757 287.907928466797 257.434539794922 2  0
back 1501608757 1111.23498535156 481.410278320312 3  0
h 1501608758 751.089782714844 380.518676757812 1  0
e 1501608759 329.756042480469 280.407562255859 2  0
e 1501608759 334.908935546875 289.878723144531 2  0
back 1501608760 1150.23962402344 507.071105957031 1  0
b 1501608764 710.493774414062 549.4501953125 2  0
space 1501608765 441.603607177734 578.2080078125 1  0
enter 1501608766 992.200988769531 649.300598144531 0  0
back 1501608767 1182.27685546875 480.901306152344 1  0
back 1501608767 1100.16259765625 472.573486328125 1  0
space 1501608769 490.013427734375 590.579650878906 1  0
space 1501608770 495.607330322266 617.966735839844 4  0
p 1501608774 1114.79296875 255.405136108398 1  0
o 1501608778 1058.50451660156 273.211120605469 2  0
w 1501608779 232.224655151367 291.733276367188 3  0
e 1501608780 378.003173828125 292.926727294922 2  0
f 1501608780 510.670104980469 360.069488525391 4  0
back 1501608781 1111.23071289062 467.565093994141 1  0
r 1501608782 476.937561035156 290.339111328125 1  0
space 1501608783 640.556457519531 575.577087402344 1  0
o 1501608783 1016.68182373047 283.232482910156 1  0
f 1501608784 490.542236328125 386.212188720703 1  0
space 1501608785 648.706481933594 604.127746582031 1  0
d 1501608785 406.514282226562 390.176666259766 1  0
e 1501608786 335.307830810547 316.201141357422 1  0
n 1501608787 875.282043457031 471.462097167969 3  0
i 1501608788 953.734741210938 294.9853515625 3  0
a 1501608789 153.246078491211 390.274688720703 1  0
a 1501608789 215.381973266602 381.895935058594 2  0
back 1501608791 1174.548828125 484.265472412109 2  0
l 1501608792 1129.52819824219 392.001678466797 3  0
