i 1501608692 915.571899414062 284.95849609375 3  0
b 1501608693 775.445861816406 528.2998046875 2  0
back 1501608694 1173.13916015625 505.201293945312 1  0
space 1501608695 642.117126464844 622.640563964844 0  0
z 1501608695 303.394104003906 453.665679931641 0  0
a 1501608695 195.620956420898 387.658416748047 1  0
back 1501608696 1180.25708007812 479.358062744141 1  0
back 1501608696 1162.32629394531 464.243286132812 2  0
back 1501608697 1113.8095703125 464.959808349609 1  0
space 1501608697 550.130676269531 595.699035644531 1  0
a 1501608699 160.171356201172 406.08203125 3  0
a 1501608699 208.471038818359 402.118713378906 1  0
f 1501608699 549.372802734375 349.294342041016 2  0
back 1501608700 1133.119140625 479.621978759766 3  0
back 1501608700 1132.98156738281 473.139099121094 3  0
g 1501608701 639.786010742188 392.917694091797 2  0
e 1501608702 389.904602050781 275.630676269531 2  0
back 1501608703 1119.74841308594 483.960510253906 3  0
r 1501608703 476.835876464844 272.991668701172 2  0
e 1501608704 409.209014892578 285.327209472656 1  0
e 1501608704 340.959899902344 301.350738525391 3  0
space 1501608707 639.637512207031 655.68408203125 0  0
w 1501608707 271.298583984375 289.559173583984 1  0
i 1501608708 911.756958007812 285.272033691406 1  0
r 1501608709 522.144104003906 268.047332763672 3  0
back 1501608710 1095.21081542969 482.7197265625 3  0
t 1501608711 583.738647460938 274.612548828125 1  0
h 1501608712 770.202392578125 380.157043457031 1  0
space 1501608712 737.149230957031 584.692016601562 2  0
space 1501608712 798.07373046875 579.723266601562 1  0
space 1501608712 705.555541992188 606.279724121094 1  0
y 1501608714 733.806335449219 286.728820800781 3  0
x 1501608714 413.574096679688 477.051574707031 2  0
x 1501608715 416.732849121094 480.903717041016 1  0
back 1501608716 1117.68090820312 484.129455566406 1  0
back 1501608716 1090.52124023438 496.252105712891 3  0
i 1501608717 900.4013671875 253.249420166016 3  0
back 1501608720 1141.28442382812 493.812347412109 1  0
o 1501608721 984.083374023438 259.559356689453 3  0
u 1501608722 846.754333496094 234.552291870117 2  0
