id 1505248535 639.965148925781 589.721862792969 1  0
id 1505248536 675.479553222656 597.120239257812 2  0
id 1505248536 715.826904296875 584.289245605469 3  0
id 1505248536 729.638854980469 583.300109863281 2  0
id 1505248536 754.7294921875 584.4716796875 3  0
id 1505248536 755.539245605469 581.270629882812 1  0
id 1505248537 819.7255859375 510.481475830078 1  2
id 1505248538 835.853149414062 457.843719482422 1  2
id 1505248538 849.414184570312 424.7705078125 1  0
id 1505248539 842.132263183594 347.485443115234 1  2
id 1505248539 835.419677734375 334.251068115234 1  2
id 1505248539 829.166625976562 310.735443115234 1  0
id 1505248539 825.958374023438 300.206512451172 1  0
id 1505248540 784.495666503906 257.714904785156 1  0
id 1505248540 737.964416503906 222.81803894043 1  2
id 1505248540 722.191284179688 224.726516723633 1  2
id 1505248540 713.848754882812 221.734832763672 1  2
id 1505248541 685.40283203125 213.031295776367 2  0
id 1505248541 624.873352050781 203.715927124023 1  0
id 1505248541 614.591857910156 204.512985229492 1  2
id 1505248541 614.628662109375 207.446517944336 2  0
id 1505248541 606.528137207031 204.965454101562 2  0
id 1505248542 581.797119140625 210.680877685547 1  0
id 1505248542 577.614562988281 214.803009033203 1  0
id 1505248542 558.255920410156 215.956451416016 1  2
id 1505248542 556.357604980469 223.180328369141 1  2
id 1505248542 541.018798828125 234.89485168457 1  0
id 1505248542 511.622039794922 246.998931884766 1  0
id 1505248543 481.150085449219 290.247467041016 1  0
id 1505248543 457.286193847656 319.867309570312 1  0
id 1505248543 456.011749267578 351.062042236328 1  0
id 1505248543 445.784942626953 362.0302734375 1  0
id 1505248544 447.226989746094 392.87158203125 1  2
id 1505248544 457.391174316406 440.575134277344 1  0
id 1505248544 476.051452636719 464.318084716797 1  0
id 1505248545 472.423736572266 478.973327636719 1  2
id 1505248545 484.106170654297 488.693817138672 1  2
id 1505248546 516.756896972656 542.213073730469 1  2
id 1505248546 533.236389160156 551.10009765625 1  0
id 1505248546 571.704406738281 568.151672363281 1  2
id 1505248546 571.704406738281 568.151672363281 1  2
id 1505248547 589.252380371094 586.735595703125 1  2
id 1505248547 633.656005859375 593.485168457031 1  2
id 1505248548 647.214965820312 599.140075683594 1  2
id 1505248548 699.260192871094 585.4755859375 1  2
id 1505248548 716.517272949219 584.239807128906 1  2
id 1505248549 737.450622558594 576.107727050781 1  2
id 1505248549 779.594909667969 546.546936035156 1  2
id 1505248549 798.274230957031 528.616516113281 1  2
id 1505248549 810.838500976562 510.254425048828 1  2
id 1505248550 849.863586425781 444.957611083984 1  2
id 1505248551 840.576843261719 347.602233886719 1  2
id 1505248552 822.47998046875 300.122802734375 1  2
id 1505248553 790.171020507812 257.107269287109 1  0
id 1505248553 782.707641601562 249.874969482422 1  0
id 1505248553 771.612854003906 240.324615478516 1  0
id 1505248553 761.477478027344 234.344879150391 1  2
id 1505248553 739.767761230469 211.944351196289 1  0
id 1505248554 710.120727539062 203.680709838867 1  0
id 1505248555 578.850952148438 210.39111328125 1  0
id 1505248555 569.068969726562 218.054046630859 1  0
id 1505248555 559.842407226562 218.94059753418 1  0
id 1505248556 563.263854980469 218.675888061523 1  0
id 1505248556 565.093322753906 225.094757080078 1  0
id 1505248556 526.230285644531 249.499450683594 1  0
id 1505248558 440.599731445312 376.421875 1  0
id 1505248558 444.506286621094 393.248107910156 1  0
id 1505248559 443.048706054688 421.903900146484 1  0
id 1505248559 453.966156005859 430.785980224609 1  0
id 1505248559 457.860656738281 437.423095703125 1  0
id 1505248559 454.727661132812 441.8115234375 1  0
id 1505248559 454.965667724609 445.257598876953 1  0
id 1505248560 472.376342773438 485.738922119141 1  0
id 1505248560 476.51611328125 495.841125488281 1  0
id 1505248560 489.673767089844 511.882873535156 1  2
id 1505248561 498.353973388672 525.3115234375 1  0
id 1505248561 502.261535644531 531.973510742188 1  0
id 1505248561 532.4951171875 557.759948730469 1  2
id 1505248562 576.75537109375 581.016174316406 1  0
id 1505248562 597.455932617188 592.766052246094 1  2
id 1505248563 661.108581542969 594.833862304688 1  2
id 1505248563 703.983764648438 588.452392578125 1  2
id 1505248564 732.721496582031 573.131164550781 1  0
id 1505248564 763.789916992188 560.950805664062 1  2
id 1505248564 778.06982421875 556.606689453125 1  0
id 1505248564 783.330444335938 542.961059570312 1  0
id 1505248564 790.2470703125 542.4619140625 1  2
id 1505248564 787.239135742188 539.362609863281 1  2
id 1505248564 816.958190917969 527.264343261719 1  2
id 1505248564 827.676208496094 495.593933105469 1  0
id 1505248565 844.581420898438 491.221099853516 1  0
id 1505248565 847.78759765625 487.497009277344 1  2
id 1505248565 829.654052734375 475.213409423828 1  2
id 1505248565 853.7109375 459.323425292969 1  2
id 1505248565 853.016357421875 431.127502441406 1  0
id 1505248566 855.656494140625 424.483489990234 1  2
id 1505248566 858.472412109375 392.042083740234 1  0
id 1505248566 854.780151367188 375.078155517578 1  0
id 1505248567 854.393127441406 346.390991210938 1  2
id 1505248568 817.111877441406 293.2353515625 1  0
id 1505248568 808.316711425781 279.840637207031 1  2
id 1505248568 796.077880859375 266.717010498047 1  0
id 1505248569 760.217346191406 238.427154541016 1  0
id 1505248569 751.332946777344 235.298248291016 1  0
id 1505248569 727.459716796875 223.454742431641 1  0
id 1505248569 737.435791015625 222.685577392578 1  0
id 1505248572 515.039428710938 246.735809326172 1  0
id 1505248572 507.818756103516 254.022705078125 1  0
id 1505248574 453.967864990234 368.6748046875 1  0
id 1505248574 442.039947509766 407.27099609375 1  0
id 1505248575 446.737945556641 445.520324707031 1  0
id 1505248575 459.337493896484 458.79248046875 1  0
id 1505248575 460.442657470703 462.349487304688 1  0
id 1505248575 462.367279052734 465.326782226562 1  0
id 1505248576 463.472747802734 468.884613037109 1  0
id 1505248576 466.893524169922 468.632629394531 1  0
id 1505248577 503.277709960938 521.827819824219 1  0
id 1505248577 506.945434570312 525.033813476562 1  0
id 1505248577 514.765075683594 538.361389160156 1  0
id 1505248577 527.468872070312 547.51953125 1  2
id 1505248577 527.979125976562 564.692932128906 1  0
id 1505248577 560.486145019531 575.571594238281 1  2
id 1505248578 571.084655761719 581.423400878906 1  2
id 1505248578 601.178955078125 589.189758300781 1  2
id 1505248579 664.446594238281 597.90869140625 1  2
id 1505248580 702.495788574219 591.874206542969 1  2
id 1505248580 761.745056152344 571.048278808594 1  0
id 1505248581 772.432373046875 560.329284667969 1  0
id 1505248581 780.298950195312 572.8603515625 1  0
id 1505248581 784.1103515625 563.156372070312 1  0
id 1505248581 771.273315429688 568.269165039062 1  0
id 1505248581 783.624145507812 535.086181640625 1  0
id 1505248582 806.341186523438 510.581085205078 0  0
id 1505248582 828.361267089844 467.111633300781 0  0
id 1505248582 840.698547363281 448.072723388672 0  0
id 1505248582 846.114074707031 429.54541015625 0  0
id 1505248583 854.475219726562 403.835540771484 0  0
id 1505248583 850.278076171875 396.483062744141 0  0
id 1505248583 853.000305175781 388.617919921875 0  0
id 1505248584 852.153869628906 377.189147949219 1  0
id 1505248585 830.52099609375 319.669982910156 1  0
id 1505248585 807.346374511719 292.587829589844 1  0
id 1505248586 788.199340820312 275.125762939453 1  0
id 1505248586 780.335327148438 264.797058105469 1  0
id 1505248586 761.42626953125 247.865966796875 1  0
id 1505248586 753.952697753906 235.616546630859 1  0
id 1505248587 718.515258789062 221.721054077148 0  0
id 1505248587 717.544372558594 210.719451904297 0  0
id 1505248587 696.454162597656 222.557647705078 1  0
id 1505248588 682.955810546875 205.438125610352 1  0
id 1505248590 623.563598632812 204.681198120117 1  0
id 1505248591 608.0205078125 208.994766235352 1  0
id 1505248591 582.149169921875 218.078155517578 1  0
id 1505248591 555.490234375 223.074798583984 1  2
id 1505248591 549.132629394531 230.470962524414 1  0
id 1505248591 534.393432617188 228.674926757812 1  0
id 1505248592 533.526611328125 228.569244384766 1  0
id 1505248592 536.945617675781 228.305114746094 1  0
id 1505248592 549.452209472656 227.684219360352 1  0
id 1505248592 515.713562011719 244.09504699707 1  0
id 1505248592 511.043884277344 251.013000488281 1  2
id 1505248592 495.933074951172 255.972015380859 1  0
id 1505248593 492.221252441406 276.62451171875 1  0
id 1505248594 449.5859375 317.689208984375 1  0
id 1505248594 444.437530517578 352.454010009766 1  0
id 1505248594 441.497955322266 359.588012695312 1  0
id 1505248595 430.145172119141 391.556243896484 1  0
id 1505248595 433.746032714844 401.489959716797 1  0
id 1505248595 443.269104003906 415.138366699219 1  0
id 1505248596 462.538238525391 465.314178466797 1  0
id 1505248596 467.132171630859 472.081604003906 1  2
id 1505248596 493.113189697266 519.269348144531 1  0
id 1505248597 525.91796875 554.932067871094 1  0
id 1505248597 534.729187011719 567.510131835938 1  2
id 1505248597 568.216125488281 575.015686035156 1  0
id 1505248597 574.805053710938 577.848937988281 1  2
id 1505248598 626.769226074219 593.97802734375 1  2
id 1505248598 636.990173339844 596.55859375 1  2
id 1505248598 657.662048339844 595.080322265625 1  2
id 1505248598 744.572143554688 568.964477539062 1  2
id 1505248598 751.58837890625 565.144409179688 1  2
id 1505248598 755.149719238281 561.572204589844 1  2
id 1505248599 769.290954589844 550.605895996094 1  2
id 1505248599 776.415283203125 543.460144042969 1  2
id 1505248599 822.538269042969 513.244201660156 1  0
id 1505248599 812.841369628906 499.640228271484 1  0
id 1505248599 822.81396484375 488.620819091797 1  2
id 1505248599 850.402404785156 452.241455078125 1  2
id 1505248599 850.421264648438 445.439697265625 1  2
id 1505248600 851.554443359375 420.778381347656 1  0
id 1505248600 858.800170898438 398.810974121094 1  0
id 1505248600 863.88671875 387.63330078125 1  0
id 1505248600 844.686096191406 374.961303710938 1  0
id 1505248600 856.233032226562 364.176940917969 1  0
id 1505248600 855.46484375 367.889617919922 2  0
id 1505248601 814.190551757812 293.630798339844 1  0
id 1505248601 816.857299804688 289.781585693359 1  2
id 1505248601 799.118469238281 277.4169921875 1  0
id 1505248601 785.37158203125 264.932586669922 1  0
id 1505248601 773.49169921875 251.794830322266 1  0
id 1505248601 770.600341796875 238.322570800781 1  0
id 1505248602 740.605651855469 230.580551147461 1  0
id 1505248602 728.791687011719 217.985366821289 1  0
id 1505248602 722.15087890625 221.786727905273 1  0
id 1505248602 728.89794921875 214.68815612793 2  0
id 1505248602 712.906188964844 213.500625610352 1  0
id 1505248603 675.536376953125 205.493804931641 1  0
id 1505248604 651.266052246094 203.916549682617 1  0
id 1505248604 644.405700683594 204.448150634766 1  2
id 1505248604 621.470886230469 209.162185668945 2  0
id 1505248604 618.043518066406 209.427612304688 2  0
id 1505248604 613.233520507812 209.627426147461 1  0
id 1505248604 595.271362304688 218.617477416992 1  0
id 1505248604 587.761413574219 219.543640136719 1  2
id 1505248604 559.482238769531 228.463333129883 1  0
id 1505248605 545.957580566406 229.335052490234 2  0
id 1505248605 512.131896972656 249.3759765625 1  0
id 1505248605 522.500854492188 255.138107299805 2  0
id 1505248605 494.49169921875 257.46337890625 1  0
id 1505248605 485.746429443359 274.876190185547 1  0
id 1505248605 481.772338867188 281.912811279297 1  0
id 1505248608 441.767028808594 403.312438964844 1  0
id 1505248608 446.845581054688 427.160217285156 1  0
id 1505248608 455.737060546875 443.988128662109 1  0
id 1505248608 466.559448242188 463.804626464844 1  0
