id 1505248535 647.626586914062 597.628662109375 1  0
id 1505248536 679.015808105469 618.963439941406 2  0
id 1505248536 713.482971191406 601.502990722656 3  0
id 1505248536 734.618103027344 596.585754394531 2  0
id 1505248536 756.196594238281 583.144409179688 3  0
id 1505248536 762.33837890625 578.804748535156 1  0
id 1505248537 818.159423828125 523.320129394531 1  2
id 1505248538 837.636474609375 471.402648925781 1  2
id 1505248538 848.627197265625 434.290100097656 1  0
id 1505248539 832.710693359375 363.442749023438 1  2
id 1505248539 836.94482421875 344.309417724609 1  2
id 1505248539 828.169189453125 330.160919189453 1  0
id 1505248539 829.447387695312 314.537292480469 1  0
id 1505248540 792.665710449219 272.722320556641 1  0
id 1505248540 738.138366699219 234.167739868164 1  2
id 1505248540 723.052490234375 234.830123901367 1  2
id 1505248540 710.795349121094 232.875259399414 1  2
id 1505248541 694.435180664062 225.698181152344 2  0
id 1505248541 630.266662597656 214.213760375977 1  0
id 1505248541 612.323791503906 219.429611206055 1  2
id 1505248541 612.384948730469 220.288757324219 2  0
id 1505248541 602.02734375 217.675521850586 2  0
id 1505248542 585.238220214844 219.566101074219 1  0
id 1505248542 580.272399902344 223.44221496582 1  0
id 1505248542 562.256042480469 228.76708984375 1  2
id 1505248542 553.714782714844 237.196060180664 1  2
id 1505248542 532.986755371094 249.440002441406 1  0
id 1505248542 517.742919921875 263.149780273438 1  0
id 1505248543 477.439392089844 302.973815917969 1  0
id 1505248543 465.717407226562 336.454162597656 1  0
id 1505248543 453.594757080078 359.137390136719 1  0
id 1505248543 451.499908447266 377.678314208984 1  0
id 1505248544 445.837463378906 407.306304931641 1  2
id 1505248544 466.678802490234 458.077331542969 1  0
id 1505248544 473.462677001953 477.972320556641 1  0
id 1505248545 486.965393066406 499.277435302734 1  2
id 1505248545 500.052978515625 504.356231689453 1  2
id 1505248546 531.870056152344 570.548400878906 1  2
id 1505248546 545.948059082031 570.064514160156 1  0
id 1505248546 576.220520019531 597.943664550781 1  2
id 1505248546 576.278076171875 586.688354492188 1  2
id 1505248547 616.745727539062 609.567443847656 1  2
id 1505248547 653.462280273438 609.63720703125 1  2
id 1505248548 666.676574707031 618.252746582031 1  2
id 1505248548 721.720520019531 605.425598144531 1  2
id 1505248548 735.572631835938 595.5390625 1  2
id 1505248549 763.257263183594 590.769958496094 1  2
id 1505248549 799.167846679688 563.611389160156 1  2
id 1505248549 814.858520507812 543.0869140625 1  2
id 1505248549 832.952880859375 521.666564941406 1  2
id 1505248550 853.234375 455.122680664062 1  2
id 1505248551 846.692565917969 358.220031738281 1  2
id 1505248552 829.71728515625 315.057525634766 1  2
id 1505248553 797.266967773438 271.721923828125 1  0
id 1505248553 782.851501464844 260.702331542969 1  0
id 1505248553 772.905395507812 249.109222412109 1  0
id 1505248553 763.605529785156 245.068313598633 1  2
id 1505248553 745.716979980469 228.166351318359 1  0
id 1505248554 709.914855957031 217.538665771484 1  0
id 1505248555 590.187866210938 224.019378662109 1  0
id 1505248555 579.535461425781 231.942626953125 1  0
id 1505248555 565.383117675781 233.627517700195 1  0
id 1505248556 566.793518066406 232.925628662109 1  0
id 1505248556 560.372314453125 241.591003417969 1  0
id 1505248556 524.33056640625 256.724029541016 1  0
id 1505248558 450.582305908203 387.316192626953 1  0
id 1505248558 456.462982177734 405.728820800781 1  0
id 1505248559 450.774169921875 434.312530517578 1  0
id 1505248559 455.544006347656 444.584991455078 1  0
id 1505248559 459.158111572266 449.566284179688 1  0
id 1505248559 456.363708496094 455.547088623047 1  0
id 1505248559 462.878082275391 462.273803710938 1  0
id 1505248560 476.091461181641 500.139404296875 1  0
id 1505248560 475.067169189453 505.965148925781 1  0
id 1505248560 492.751129150391 525.536376953125 1  2
id 1505248561 499.278198242188 538.602966308594 1  0
id 1505248561 502.556549072266 545.21630859375 1  0
id 1505248561 536.070983886719 578.942687988281 1  2
id 1505248562 586.389221191406 592.687805175781 1  0
id 1505248562 615.393249511719 606.758911132812 1  2
id 1505248563 696.231811523438 610.878784179688 1  2
id 1505248563 724.02490234375 605.573120117188 1  2
id 1505248564 755.328857421875 593.456298828125 1  0
id 1505248564 783.591003417969 582.2314453125 1  2
id 1505248564 782.587646484375 574.442810058594 1  0
id 1505248564 799.000061035156 562.566711425781 1  0
id 1505248564 810.397644042969 560.127319335938 1  2
id 1505248564 801.945556640625 552.6181640625 1  2
id 1505248564 820.187744140625 543.794067382812 1  2
id 1505248564 831.012145996094 514.898681640625 1  0
id 1505248565 831.910400390625 510.454132080078 1  0
id 1505248565 839.717224121094 503.530853271484 1  2
id 1505248565 834.044128417969 486.660736083984 1  2
id 1505248565 845.971984863281 472.350128173828 1  2
id 1505248565 847.823669433594 447.245483398438 1  0
id 1505248566 846.69287109375 433.453277587891 1  2
id 1505248566 851.997985839844 408.752044677734 1  0
id 1505248566 854.071350097656 390.329406738281 1  0
id 1505248567 838.738037109375 357.655975341797 1  2
id 1505248568 819.870727539062 302.405090332031 1  0
id 1505248568 803.26806640625 293.752349853516 1  2
id 1505248568 794.345886230469 276.863403320312 1  0
id 1505248569 759.079406738281 249.519119262695 1  0
id 1505248569 750.140869140625 245.655563354492 1  0
id 1505248569 740.659729003906 236.869567871094 1  0
id 1505248569 740.950500488281 235.317092895508 1  0
id 1505248572 517.920715332031 257.216522216797 1  0
id 1505248572 509.562255859375 270.190521240234 1  0
id 1505248574 449.021240234375 384.04638671875 1  0
id 1505248574 453.476654052734 420.935791015625 1  0
id 1505248575 461.360076904297 462.108581542969 1  0
id 1505248575 460.231719970703 476.968170166016 1  0
id 1505248575 461.809722900391 477.153228759766 1  0
id 1505248575 459.704193115234 477.189453125 1  0
id 1505248576 466.150756835938 482.747467041016 1  0
id 1505248576 466.050872802734 482.766235351562 1  0
id 1505248577 500.828430175781 536.130065917969 1  0
id 1505248577 500.499053955078 534.489562988281 1  0
id 1505248577 515.878540039062 548.625854492188 1  0
id 1505248577 524.932250976562 566.052368164062 1  2
id 1505248577 536.702758789062 577.406188964844 1  0
id 1505248577 572.08740234375 590.633117675781 1  2
id 1505248578 593.632934570312 604.711303710938 1  2
id 1505248578 617.2373046875 604.303283691406 1  2
id 1505248579 686.885192871094 614.177856445312 1  2
id 1505248580 725.212280273438 606.70458984375 1  2
id 1505248580 772.599182128906 584.473693847656 1  0
id 1505248581 780.223754882812 579.769104003906 1  0
id 1505248581 779.777038574219 570.039978027344 1  0
id 1505248581 786.826599121094 567.018188476562 1  0
id 1505248581 791.541137695312 565.159362792969 1  0
id 1505248581 804.25634765625 548.117797851562 1  0
id 1505248582 827.567016601562 516.952392578125 0  0
id 1505248582 846.63330078125 478.47265625 0  0
id 1505248582 865.990844726562 454.715545654297 0  0
id 1505248582 868.647521972656 433.809906005859 0  0
id 1505248583 868.393981933594 400.506774902344 0  0
id 1505248583 871.170959472656 391.213745117188 0  0
id 1505248583 868.195190429688 383.057739257812 0  0
id 1505248584 865.866516113281 379.997039794922 1  0
id 1505248585 850.081237792969 326.227752685547 1  0
id 1505248585 825.255065917969 300.086059570312 1  0
id 1505248586 805.295043945312 278.855682373047 1  0
id 1505248586 797.6728515625 269.544860839844 1  0
id 1505248586 774.585266113281 248.163665771484 1  0
id 1505248586 766.854614257812 244.489700317383 1  0
id 1505248587 740.5185546875 226.257629394531 0  0
id 1505248587 739.575378417969 225.515380859375 0  0
id 1505248587 717.514953613281 213.490539550781 1  0
id 1505248588 696.913330078125 218.153289794922 1  0
id 1505248590 629.459411621094 218.785934448242 1  0
id 1505248591 612.609252929688 224.172149658203 1  0
id 1505248591 580.532287597656 229.041915893555 1  0
id 1505248591 566.916259765625 238.006973266602 1  2
id 1505248591 556.141662597656 245.948348999023 1  0
id 1505248591 546.533996582031 242.411499023438 1  0
id 1505248592 547.345275878906 246.163665771484 1  0
id 1505248592 551.111145019531 241.213684082031 1  0
id 1505248592 548.824951171875 243.948547363281 1  0
id 1505248592 531.812866210938 256.463134765625 1  0
id 1505248592 514.429809570312 268.035766601562 1  2
id 1505248592 502.587036132812 271.341705322266 1  0
id 1505248593 494.5048828125 293.181671142578 1  0
id 1505248594 464.401275634766 333.387786865234 1  0
id 1505248594 462.332153320312 360.920501708984 1  0
id 1505248594 458.183013916016 369.819671630859 1  0
id 1505248595 455.650543212891 410.966186523438 1  0
id 1505248595 457.289093017578 414.53173828125 1  0
id 1505248595 447.198425292969 434.896759033203 1  0
id 1505248596 469.403839111328 480.062103271484 1  0
id 1505248596 478.029968261719 483.763336181641 1  2
id 1505248596 504.144287109375 531.185485839844 1  0
id 1505248597 535.194152832031 572.640625 1  0
id 1505248597 549.946166992188 585.706481933594 1  2
id 1505248597 579.309692382812 597.653015136719 1  0
id 1505248597 589.952331542969 598.485229492188 1  2
id 1505248598 638.940551757812 609.364685058594 1  2
id 1505248598 647.542541503906 618.998352050781 1  2
id 1505248598 671.847045898438 616.570861816406 1  2
id 1505248598 751.686096191406 589.608032226562 1  2
id 1505248598 772.237182617188 588.073547363281 1  2
id 1505248598 764.061706542969 579.961853027344 1  2
id 1505248599 783.372314453125 570.437805175781 1  2
id 1505248599 794.694213867188 564.517578125 1  2
id 1505248599 824.001708984375 530.770446777344 1  0
id 1505248599 829.712951660156 517.532653808594 1  0
id 1505248599 841.780700683594 506.726684570312 1  2
id 1505248599 854.54345703125 469.147430419922 1  2
id 1505248599 856.489562988281 460.282470703125 1  2
id 1505248600 856.451599121094 437.058959960938 1  0
id 1505248600 862.338623046875 415.246154785156 1  0
id 1505248600 860.384643554688 408.449676513672 1  0
id 1505248600 861.282165527344 394.271697998047 1  0
id 1505248600 858.025512695312 390.035186767578 1  0
id 1505248600 851.281677246094 368.318450927734 2  0
id 1505248601 824.929809570312 310.626770019531 1  0
id 1505248601 821.073425292969 299.882019042969 1  2
id 1505248601 805.113586425781 287.394561767578 1  0
id 1505248601 797.523132324219 278.522064208984 1  0
id 1505248601 787.685791015625 266.548278808594 1  0
id 1505248601 772.688720703125 250.721588134766 1  0
id 1505248602 756.723083496094 241.949371337891 1  0
id 1505248602 742.544677734375 231.570770263672 1  0
id 1505248602 735.284606933594 235.186645507812 1  0
id 1505248602 722.7021484375 227.93132019043 2  0
id 1505248602 713.076599121094 223.005996704102 1  0
id 1505248603 665.748413085938 221.094512939453 1  0
id 1505248604 646.816589355469 219.644577026367 1  0
id 1505248604 634.416015625 217.721923828125 1  2
id 1505248604 621.667907714844 221.587417602539 2  0
id 1505248604 621.96728515625 223.100448608398 2  0
id 1505248604 614.882507324219 223.098968505859 1  0
id 1505248604 596.7646484375 230.967147827148 1  0
id 1505248604 583.346801757812 231.744644165039 1  2
id 1505248604 562.634338378906 241.218490600586 1  0
id 1505248605 559.656799316406 241.133819580078 2  0
id 1505248605 534.014282226562 254.746566772461 1  0
id 1505248605 519.284729003906 269.198608398438 2  0
id 1505248605 508.363555908203 271.378631591797 1  0
id 1505248605 496.816558837891 286.310333251953 1  0
id 1505248605 485.921630859375 294.391998291016 1  0
id 1505248608 455.883422851562 419.465362548828 1  0
id 1505248608 461.559600830078 444.769470214844 1  0
id 1505248608 468.988494873047 465.782287597656 1  0
id 1505248608 471.686584472656 476.369201660156 1  0
