id 1505249092 426.139709472656 400.674835205078 2  0
id 1505249092 443.213836669922 399.398681640625 1  0
id 1505249092 455.012145996094 398.689788818359 1  0
id 1505249092 459.978942871094 398.491668701172 1  0
id 1505249092 499.669891357422 395.871551513672 1  0
id 1505249092 518.747314453125 398.082794189453 1  0
id 1505249098 425.328460693359 403.848327636719 1  0
id 1505249098 465.240509033203 405.0205078125 1  0
id 1505249098 505.145172119141 405.332672119141 2  0
id 1505249099 516.135498046875 405.032745361328 2  2
id 1505249099 546.302856445312 403.129577636719 1  0
id 1505249099 550.633605957031 405.926361083984 2  0
id 1505249099 587.4521484375 400.061157226562 2  2
id 1505249099 618.115478515625 404.194152832031 2  2
id 1505249099 657.763610839844 405.408599853516 1  0
id 1505249099 673.083435058594 404.442352294922 1  2
id 1505249100 580.586853027344 410.283905029297 1  0
id 1505249102 539.082824707031 403.321472167969 1  0
id 1505249102 560.8828125 402.215759277344 1  0
id 1505249102 577.711059570312 401.307769775391 2  0
id 1505249103 605.409606933594 402.711791992188 2  0
id 1505249103 606.966918945312 402.769195556641 1  0
id 1505249104 603.533630371094 403.024993896484 1  0
id 1505249104 608.843078613281 402.455963134766 1  0
id 1505249104 603.533630371094 403.024993896484 1  0
id 1505249106 601.338928222656 403.708862304688 1  0
id 1505249111 431.646850585938 408.392547607422 2  0
id 1505249112 420.605682373047 395.036712646484 1  0
id 1505249112 416.229034423828 401.242736816406 1  2
id 1505249112 432.401794433594 396.920837402344 1  2
id 1505249112 420.282745361328 397.827239990234 2  0
id 1505249112 471.179290771484 401.461975097656 1  0
id 1505249113 543.295227050781 399.541748046875 1  2
id 1505249113 556.585327148438 402.362823486328 1  2
id 1505249113 590.883605957031 399.805267333984 1  2
id 1505249113 619.734252929688 397.827514648438 1  2
id 1505249113 634.862609863281 396.872955322266 2  0
id 1505249115 636.423156738281 404.219268798828 2  2
id 1505249115 608.941040039062 406.265258789062 2  2
id 1505249115 586.39697265625 404.648590087891 2  2
id 1505249115 559.494934082031 409.426391601562 2  2
id 1505249115 551.859191894531 403.755187988281 2  2
id 1505249115 532.976684570312 404.643127441406 1  0
id 1505249115 522.460510253906 401.962646484375 1  2
id 1505249115 507.0185546875 402.59521484375 2  0
id 1505249115 487.732208251953 397.282958984375 1  0
id 1505249116 440.711456298828 400.450561523438 2  0
id 1505249116 429.912078857422 398.144683837891 2  2
id 1505249116 420.224945068359 401.981506347656 2  2
id 1505249116 416.054016113281 408.691375732422 2  0
id 1505249116 404.909973144531 406.237945556641 1  0
id 1505249116 423.138275146484 401.936706542969 2  0
id 1505249116 445.889953613281 403.350555419922 1  0
id 1505249116 459.557434082031 402.329864501953 1  2
id 1505249116 492.406677246094 400.222900390625 1  2
id 1505249117 544.530822753906 399.969360351562 2  0
id 1505249117 562.915649414062 401.717498779297 2  2
id 1505249117 564.015869140625 405.102447509766 1  0
id 1505249117 605.299682617188 398.730316162109 1  2
id 1505249117 634.237548828125 400.216796875 2  0
id 1505249117 641.110900878906 399.704650878906 1  0
id 1505249117 649.201171875 399.275360107422 2  0
id 1505249117 662.7080078125 394.796722412109 1  0
id 1505249117 681.661376953125 403.456695556641 1  2
id 1505249117 698.873657226562 402.175964355469 2  0
id 1505249118 687.697082519531 403.181365966797 1  0
id 1505249118 675.836059570312 404.237548828125 2  0
id 1505249118 631.256225585938 404.430419921875 1  0
id 1505249118 587.831909179688 400.553131103516 2  0
id 1505249118 583.617858886719 397.052734375 2  2
id 1505249118 567.75634765625 394.596252441406 2  2
id 1505249119 545.050354003906 392.653381347656 1  0
id 1505249119 534.289611816406 386.529144287109 1  2
id 1505249119 503.878112792969 382.227111816406 2  0
id 1505249119 459.64208984375 388.655578613281 2  2
id 1505249119 446.000427246094 390.023101806641 1  0
id 1505249119 437.924682617188 397.372528076172 1  2
id 1505249119 413.162994384766 399.051330566406 1  2
id 1505249120 437.478729248047 400.865081787109 1  2
id 1505249120 446.926635742188 403.446075439453 1  2
id 1505249120 468.468139648438 402.010467529297 1  2
id 1505249120 522.412292480469 401.273345947266 1  2
id 1505249120 552.631225585938 402.484405517578 1  2
id 1505249120 560.699279785156 402.056060791016 2  0
id 1505249120 564.813598632812 401.749267578125 1  0
id 1505249120 593.752258300781 396.469909667969 2  0
id 1505249120 609.701904296875 395.106414794922 2  2
id 1505249120 626.113586425781 397.698883056641 2  2
id 1505249120 638.642639160156 396.591094970703 1  0
id 1505249120 658.053161621094 394.970245361328 1  2
id 1505249120 668.618713378906 397.654998779297 2  0
id 1505249120 688.505798339844 399.994476318359 1  0
id 1505249120 693.963928222656 398.893188476562 2  0
id 1505249120 704.253662109375 395.173431396484 1  0
id 1505249121 723.249450683594 394.453247070312 1  2
