q_ 1505250167 147.407333374023 285.874481201172 2  0
q_ 1505250173 159.475723266602 271.666687011719 2  0
q_ 1505250174 157.596542358398 280.486267089844 2  0
q_ 1505250177 182.828598022461 294.986999511719 2  0
q_ 1505250178 151.658920288086 293.419189453125 2  0
q_ 1505250179 151.617492675781 299.920776367188 2  0
q_ 1505250180 145.580078125 293.775451660156 2  0
q_ 1505250181 166.789733886719 302.228424072266 2  0
q_ 1505250181 179.953323364258 295.589172363281 1  0
w_ 1505250182 274.872375488281 295.909576416016 2  0
w_ 1505250182 280.559753417969 301.395721435547 2  0
w_ 1505250183 266.569305419922 292.295928955078 2  0
w_ 1505250183 268.766998291016 289.855712890625 2  0
q_ 1505250198 151.204818725586 269.812072753906 1  0
q_ 1505250198 156.520050048828 283.357116699219 2  0
q_ 1505250198 148.703567504883 266.949981689453 2  0
q_ 1505250198 156.789810180664 282.337158203125 1  0
q_ 1505250199 147.345611572266 252.928558349609 1  0
q_ 1505250199 159.04182434082 276.205993652344 1  0
q_ 1505250200 174.10954284668 275.147338867188 2  0
q_ 1505250200 163.660629272461 274.335815429688 1  0
q_ 1505250207 147.202224731445 288.508666992188 2  0
q_ 1505250208 157.90315246582 285.907501220703 1  0
q_ 1505250209 166.177368164062 280.807525634766 2  0
q_ 1505250209 160.566879272461 270.938934326172 1  0
q_ 1505250211 157.216979980469 273.837646484375 1  0
q_ 1505250212 170.337036132812 283.297576904297 1  0
q_ 1505250213 162.430328369141 287.582153320312 1  0
q_ 1505250214 153.195465087891 281.462280273438 1  0
q_ 1505250215 157.550033569336 272.584899902344 1  0
w_ 1505250216 261.808776855469 272.079345703125 1  0
w_ 1505250218 262.450012207031 274.38818359375 1  0
w_ 1505250219 267.639068603516 267.503997802734 1  0
w_ 1505250220 258.698822021484 286.763702392578 1  0
w_ 1505250221 259.766357421875 273.397003173828 2  0
w_ 1505250222 265.974151611328 278.293884277344 1  0
w_ 1505250224 265.556030273438 280.782989501953 1  0
w_ 1505250225 266.196929931641 273.977355957031 1  0
w_ 1505250226 259.358551025391 271.418151855469 1  0
e_ 1505250228 367.473480224609 287.570129394531 1  0
e_ 1505250230 366.882873535156 279.952087402344 1  0
e_ 1505250238 377.357543945312 285.246765136719 1  0
e_ 1505250239 377.234039306641 298.418548583984 1  0
e_ 1505250243 382.105773925781 273.164916992188 2  0
e_ 1505250244 380.104858398438 300.152404785156 1  0
e_ 1505250245 376.631408691406 287.999938964844 2  0
e_ 1505250246 383.664947509766 285.970367431641 2  0
e_ 1505250247 371.491943359375 281.033294677734 2  0
e_ 1505250248 357.813812255859 278.129669189453 1  0
e_ 1505250248 358.747680664062 264.436218261719 2  0
r_ 1505250249 483.750549316406 284.437438964844 1  0
r_ 1505250250 493.702697753906 281.213500976562 1  0
r_ 1505250251 478.507415771484 276.926635742188 1  0
r_ 1505250251 500.378082275391 281.122680664062 2  0
r_ 1505250252 478.919311523438 261.009429931641 1  0
r_ 1505250253 471.164093017578 278.59521484375 1  0
r_ 1505250254 491.349182128906 280.913391113281 1  0
r_ 1505250254 492.485107421875 278.651428222656 1  0
r_ 1505250255 492.640655517578 283.591766357422 1  0
r_ 1505250256 484.588287353516 282.905914306641 1  0
t_ 1505250257 595.385070800781 281.6962890625 1  0
t_ 1505250258 597.671875 271.836334228516 1  0
t_ 1505250259 598.110412597656 284.486480712891 1  0
t_ 1505250260 598.684875488281 279.171020507812 1  0
t_ 1505250262 600.827270507812 292.006805419922 1  0
t_ 1505250263 604.4638671875 294.671325683594 1  0
t_ 1505250263 593.290832519531 280.242034912109 2  0
t_ 1505250264 592.387023925781 278.293334960938 1  0
t_ 1505250265 592.697509765625 280.647644042969 1  0
y_ 1505250266 704.428894042969 293.372039794922 1  0
y_ 1505250267 704.724792480469 291.541839599609 1  0
y_ 1505250268 706.821655273438 287.742523193359 1  0
y_ 1505250269 708.173645019531 288.21728515625 1  0
y_ 1505250270 703.508361816406 303.421997070312 1  0
y_ 1505250270 704.322631835938 286.777404785156 1  0
y_ 1505250271 708.235473632812 284.168579101562 1  0
y_ 1505250272 712.698608398438 283.828491210938 1  0
y_ 1505250273 711.344360351562 278.925048828125 2  0
y_ 1505250274 707.889831542969 285.432861328125 1  0
u_ 1505250275 822.975219726562 321.746032714844 1  0
u_ 1505250276 821.108581542969 288.590240478516 1  0
u_ 1505250277 815.37109375 274.847778320312 1  0
u_ 1505250278 824.889892578125 276.321441650391 2  0
u_ 1505250279 813.55078125 277.879669189453 1  0
u_ 1505250280 811.047180175781 287.017669677734 2  0
u_ 1505250280 820.10546875 286.756378173828 1  0
u_ 1505250281 819.785034179688 287.365570068359 1  0
u_ 1505250282 818.518493652344 292.136199951172 1  0
u_ 1505250283 817.619689941406 279.522827148438 1  0
i_ 1505250284 929.447448730469 287.439025878906 2  0
i_ 1505250284 933.923461914062 282.843200683594 1  0
i_ 1505250285 936.174499511719 285.013214111328 1  0
i_ 1505250286 943.560607910156 280.153839111328 2  0
i_ 1505250287 937.682250976562 285.529846191406 1  0
i_ 1505250288 928.437255859375 278.403991699219 1  0
i_ 1505250288 930.230285644531 289.195831298828 2  0
i_ 1505250289 928.917663574219 289.218963623047 1  0
i_ 1505250289 923.523376464844 271.490234375 2  0
i_ 1505250290 929.057861328125 286.667785644531 2  0
i_ 1505250291 936.787353515625 272.087005615234 1  0
o_ 1505250292 1047.64672851562 291.766021728516 2  0
o_ 1505250293 1055.10827636719 293.293579101562 1  0
o_ 1505250293 1059.02209472656 291.665863037109 1  0
o_ 1505250296 1040.91259765625 284.705932617188 1  0
o_ 1505250297 1034.23229980469 280.930572509766 1  0
o_ 1505250299 1031.84448242188 289.603057861328 1  0
o_ 1505250301 1049.01733398438 273.136322021484 1  0
o_ 1505250302 1045.51818847656 295.936889648438 1  0
p_ 1505250303 1156.77526855469 291.253662109375 2  0
p_ 1505250303 1159.60009765625 292.839813232422 1  0
p_ 1505250304 1162.62548828125 287.3369140625 1  0
p_ 1505250305 1167.93127441406 270.670349121094 1  0
p_ 1505250306 1168.400390625 272.592498779297 1  0
p_ 1505250306 1165.94262695312 273.294830322266 1  0
p_ 1505250307 1173.20141601562 270.736114501953 1  0
p_ 1505250307 1156.44482421875 270.642517089844 1  0
p_ 1505250308 1155.77136230469 269.015930175781 2  0
p_ 1505250309 1152.82263183594 272.98046875 2  0
p_ 1505250310 1159.81982421875 275.941650390625 1  0
a 1505250311 228.643463134766 402.428985595703 1  0
a 1505250312 207.711517333984 406.876068115234 1  0
a 1505250312 220.672317504883 376.400360107422 1  0
a 1505250313 205.68879699707 379.466613769531 1  0
a 1505250314 203.893280029297 386.984130859375 2  0
a 1505250315 213.995361328125 385.945770263672 1  0
a 1505250315 211.522552490234 403.061370849609 2  0
a 1505250316 213.647689819336 390.709045410156 2  0
a 1505250316 213.5107421875 397.227752685547 2  0
a 1505250317 221.331390380859 400.735473632812 1  0
a 1505250318 202.829818725586 386.051116943359 1  0
a 1505250318 200.629379272461 376.992340087891 2  0
s 1505250319 320.627685546875 400.335388183594 1  0
s 1505250319 324.945220947266 395.747314453125 1  0
s 1505250320 328.426605224609 402.798248291016 2  0
s 1505250320 326.559661865234 413.704437255859 1  0
s 1505250321 320.927307128906 389.864562988281 1  0
s 1505250322 317.585357666016 397.352172851562 1  0
s 1505250322 308.261322021484 379.45947265625 2  0
s 1505250323 330.774841308594 380.949401855469 2  0
s 1505250323 316.576293945312 391.257781982422 1  0
s 1505250323 321.654724121094 400.649078369141 2  0
s 1505250323 318.092041015625 388.382965087891 1  0
s 1505250324 319.218566894531 399.387420654297 1  0
s 1505250325 333.951995849609 413.897613525391 1  0
s 1505250325 323.482116699219 414.218658447266 1  0
d 1505250326 447.565612792969 393.680480957031 1  0
d 1505250327 435.81591796875 409.119354248047 1  0
d 1505250327 436.473236083984 399.556549072266 1  0
d 1505250328 437.185180664062 404.224426269531 2  0
d 1505250329 437.761810302734 388.781097412109 1  0
d 1505250330 438.307800292969 399.100067138672 1  0
d 1505250330 435.490997314453 396.300689697266 1  0
d 1505250331 443.526611328125 386.904357910156 1  0
d 1505250332 438.205932617188 394.337219238281 1  0
d 1505250333 436.296936035156 398.657745361328 1  0
f 1505250333 554.917053222656 413.314331054688 2  0
f 1505250334 543.706665039062 405.402709960938 1  0
f 1505250335 551.638244628906 404.534240722656 2  0
f 1505250335 551.908508300781 391.390014648438 1  0
f 1505250335 534.602294921875 378.712585449219 1  0
f 1505250336 539.649230957031 413.850372314453 1  0
f 1505250336 528.2607421875 402.858062744141 2  0
f 1505250337 531.769470214844 400.422180175781 1  0
f 1505250338 552.543701171875 403.175018310547 2  0
f 1505250339 555.830322265625 393.937408447266 2  0
f 1505250339 542.585021972656 403.370300292969 2  0
f 1505250340 540.838745117188 396.569793701172 1  0
g 1505250341 657.934387207031 394.921264648438 1  0
g 1505250342 658.290649414062 403.112213134766 1  0
g 1505250342 665.800964355469 404.173797607422 2  0
g 1505250343 653.962219238281 391.745941162109 2  0
g 1505250343 660.517822265625 402.830596923828 1  0
g 1505250344 652.108825683594 402.8779296875 2  0
g 1505250344 659.816650390625 393.044952392578 1  0
g 1505250344 649.423278808594 401.77587890625 1  0
g 1505250345 656.106323242188 399.852142333984 2  0
g 1505250346 668.5908203125 392.448333740234 1  0
g 1505250347 659.379455566406 405.992095947266 1  0
g 1505250347 658.106994628906 397.696411132812 1  0
h 1505250348 770.472900390625 395.456939697266 2  0
h 1505250349 769.208374023438 407.329650878906 1  0
h 1505250350 772.32958984375 386.04345703125 1  0
h 1505250350 771.160278320312 398.720764160156 2  0
h 1505250350 769.544128417969 401.744293212891 2  0
h 1505250351 766.29248046875 391.147247314453 1  0
h 1505250352 768.186096191406 396.720428466797 2  0
h 1505250353 764.776123046875 392.592651367188 1  0
h 1505250353 769.513488769531 396.571960449219 1  0
h 1505250354 755.459899902344 383.013336181641 1  0
h 1505250355 767.679809570312 406.960754394531 1  0
j 1505250355 868.549438476562 388.812866210938 1  0
j 1505250356 884.971252441406 395.763275146484 1  0
j 1505250357 902.289428710938 363.34423828125 1  0
j 1505250357 901.010314941406 369.536743164062 1  0
j 1505250358 867.936584472656 411.200958251953 2  0
j 1505250358 863.161804199219 398.970916748047 1  0
j 1505250358 860.92919921875 404.750396728516 3  0
j 1505250359 875.563415527344 385.705505371094 2  0
j 1505250359 878.553039550781 396.677551269531 3  0
j 1505250360 867.164001464844 397.476959228516 3  0
j 1505250361 880.917541503906 399.782043457031 2  0
j 1505250361 890.323486328125 392.809722900391 3  0
j 1505250362 881.756164550781 396.234527587891 1  0
k 1505250363 987.625610351562 387.714752197266 2  0
k 1505250364 980.370666503906 395.486694335938 1  0
k 1505250364 992.222717285156 393.105865478516 1  0
k 1505250365 985.109436035156 399.587860107422 2  0
k 1505250365 982.441711425781 382.272583007812 1  0
k 1505250366 990.440307617188 397.715179443359 1  0
k 1505250367 981.799072265625 385.470428466797 2  0
k 1505250367 972.945617675781 378.526031494141 1  0
k 1505250368 988.154907226562 391.820831298828 1  0
k 1505250369 981.982971191406 382.805236816406 1  0
k 1505250370 990.82080078125 397.168060302734 1  0
l 1505250371 1103.27380371094 392.12109375 2  0
l 1505250371 1114.22509765625 400.589721679688 1  0
l 1505250372 1093.44909667969 391.633544921875 1  0
l 1505250373 1078.81945800781 392.63427734375 1  0
l 1505250374 1081.77014160156 394.311157226562 2  0
l 1505250374 1100.02392578125 398.123168945312 2  0
l 1505250375 1098.78161621094 385.356475830078 1  0
l 1505250376 1099.2265625 388.025848388672 1  0
l 1505250377 1095.62329101562 381.168579101562 1  0
l 1505250378 1094.94091796875 398.881469726562 2  0
z 1505250379 323.618896484375 519.226867675781 2  0
z 1505250379 310.0556640625 514.77880859375 1  0
z 1505250380 303.076263427734 502.987274169922 1  0
z 1505250381 307.599273681641 494.199462890625 2  0
z 1505250382 323.458923339844 519.423950195312 1  0
z 1505250383 323.682403564453 506.859893798828 1  0
z 1505250384 321.213775634766 501.273040771484 1  0
z 1505250384 322.631225585938 503.2939453125 1  0
z 1505250385 324.587066650391 508.250915527344 1  0
z 1505250386 315.522857666016 502.612976074219 1  0
x 1505250387 426.640106201172 510.683776855469 1  0
x 1505250388 416.450836181641 503.799041748047 1  0
x 1505250388 427.137603759766 510.146606445312 1  0
x 1505250389 435.490020751953 504.006042480469 1  0
x 1505250390 435.924957275391 514.894348144531 2  0
x 1505250391 420.955932617188 495.981597900391 2  0
x 1505250392 438.041748046875 495.266021728516 2  0
x 1505250392 436.136383056641 509.560211181641 1  0
x 1505250392 438.453125 504.811859130859 1  0
x 1505250393 429.010589599609 508.030487060547 1  0
x 1505250394 429.924468994141 508.830535888672 1  0
c 1505250395 537.015075683594 494.442565917969 2  0
c 1505250395 536.745544433594 479.2392578125 1  0
c 1505250396 554.314880371094 523.451965332031 2  0
c 1505250396 542.617736816406 514.732971191406 1  0
c 1505250397 539.066589355469 497.230926513672 1  0
c 1505250397 536.517700195312 492.894165039062 2  0
c 1505250398 548.421081542969 515.68408203125 1  0
c 1505250399 543.421447753906 519.252807617188 1  0
c 1505250399 546.485290527344 509.137237548828 1  0
c 1505250400 551.785095214844 504.918640136719 1  0
c 1505250401 537.165710449219 498.865997314453 1  0
c 1505250401 542.792663574219 494.082580566406 1  0
v 1505250402 649.990600585938 515.91748046875 1  0
v 1505250403 659.011413574219 508.619232177734 1  0
v 1505250404 658.322265625 513.67333984375 1  0
v 1505250405 655.502197265625 516.130981445312 1  0
v 1505250405 653.916076660156 502.636535644531 1  0
v 1505250406 667.502868652344 508.363403320312 1  0
v 1505250407 650.259887695312 515.005798339844 1  0
v 1505250407 666.5458984375 514.567138671875 2  0
v 1505250408 646.91357421875 508.345886230469 1  0
v 1505250409 642.444030761719 512.839782714844 1  0
b 1505250411 759.257202148438 516.572875976562 1  0
b 1505250411 749.051330566406 514.819885253906 1  0
b 1505250412 770.60595703125 511.453338623047 1  0
b 1505250413 765.055419921875 506.779876708984 1  0
b 1505250414 764.456481933594 512.178588867188 1  0
b 1505250414 760.746398925781 506.588653564453 1  0
b 1505250415 761.720886230469 497.551116943359 1  0
b 1505250416 759.196899414062 508.077697753906 1  0
b 1505250417 772.377563476562 505.126312255859 1  0
b 1505250418 760.648010253906 515.139892578125 2  0
n 1505250418 879.938842773438 505.880126953125 3  0
n 1505250419 875.544494628906 489.575317382812 1  0
n 1505250419 865.077270507812 502.298126220703 1  0
n 1505250420 871.453979492188 505.541015625 1  0
n 1505250421 867.819458007812 497.894500732422 1  0
n 1505250421 866.866760253906 510.194091796875 3  0
n 1505250421 867.525207519531 497.350341796875 1  0
n 1505250421 878.228515625 501.417022705078 1  0
n 1505250422 872.591125488281 509.312133789062 1  0
n 1505250423 880.641967773438 503.566070556641 3  0
n 1505250424 877.648681640625 495.621002197266 1  0
n 1505250425 868.849792480469 511.790985107422 3  0
n 1505250425 865.724792480469 499.282653808594 1  0
n 1505250425 862.830932617188 485.078125 1  0
m 1505250426 991.426818847656 504.311614990234 3  0
m 1505250426 998.3154296875 497.552154541016 1  0
m 1505250427 997.607666015625 493.538421630859 1  0
m 1505250427 987.472106933594 499.487091064453 3  0
m 1505250428 990.359130859375 510.882873535156 3  0
m 1505250428 988.287841796875 515.665161132812 1  0
m 1505250429 981.625671386719 503.175567626953 1  0
m 1505250430 995.314575195312 489.655944824219 1  0
m 1505250431 990.686279296875 471.419219970703 1  0
m 1505250431 979.381103515625 503.190612792969 2  0
m 1505250432 977.366271972656 492.560821533203 1  0
m 1505250432 985.06982421875 506.147552490234 2  0
m 1505250433 980.81689453125 507.900177001953 2  0
space 1505250436 620.448364257812 614.339599609375 3  0
space 1505250436 617.538757324219 624.814392089844 1  0
space 1505250439 625.319885253906 627.7734375 1  0
space 1505250439 633.134948730469 622.877502441406 1  0
space 1505250440 643.537414550781 615.562316894531 1  0
space 1505250440 633.687622070312 608.525024414062 3  0
space 1505250441 642.398498535156 626.976379394531 1  0
space 1505250442 617.170959472656 610.481323242188 3  0
space 1505250442 626.785949707031 627.451293945312 2  0
space 1505250443 697.038635253906 632.43798828125 3  0
space 1505250443 695.958374023438 644.990173339844 1  0
space 1505250443 698.534790039062 636.323852539062 1  0
space 1505250444 692.638793945312 613.171142578125 1  0
space 1505250445 695.464721679688 589.25244140625 3  0
enter 1505250447 1063.16015625 606.689514160156 1  0
enter 1505250447 1057.13415527344 622.557373046875 2  0
enter 1505250447 1054.84460449219 613.356384277344 1  0
enter 1505250448 1063.80480957031 628.89404296875 2  0
enter 1505250448 1055.46325683594 607.52783203125 1  0
enter 1505250448 1054.04174804688 622.84912109375 2  0
enter 1505250450 1057.99792480469 615.330810546875 2  0
enter 1505250452 1042.81665039062 625.713684082031 2  0
enter 1505250452 1047.78271484375 614.393432617188 1  0
enter 1505250452 1056.28918457031 607.739501953125 2  0
enter 1505250452 1057.96545410156 615.253234863281 1  0
enter 1505250453 1065.19836425781 617.695617675781 2  0
enter 1505250454 1062.1015625 623.450744628906 2  0
enter 1505250455 1058.18286132812 604.701110839844 2  0
back 1505250455 1119.64562988281 493.697204589844 1  0
back 1505250456 1141.29418945312 488.005126953125 1  0
back 1505250457 1123.69604492188 506.596221923828 2  0
back 1505250458 1130.52783203125 521.413818359375 2  0
back 1505250459 1128.91821289062 518.020568847656 1  0
back 1505250459 1119.75463867188 504.983337402344 1  0
back 1505250460 1129.39282226562 518.305358886719 1  0
back 1505250460 1130.8984375 522.167053222656 1  0
back 1505250461 1128.3701171875 512.391784667969 1  0
back 1505250462 1128.34558105469 506.833923339844 1  0
back 1505250462 1129.02600097656 505.537384033203 2  0
