id 1505251562 458.265533447266 443.281341552734 1  0
id 1505251563 480.924468994141 499.045684814453 1  2
id 1505251564 463.361724853516 462.307525634766 1  0
id 1505251564 467.001312255859 487.941680908203 2  0
id 1505251564 493.68701171875 520.095520019531 2  2
id 1505251565 534.481567382812 568.143432617188 1  0
id 1505251565 549.137939453125 578.997497558594 1  2
id 1505251565 572.235961914062 595.326599121094 1  2
id 1505251565 583.756408691406 595.372497558594 2  0
id 1505251565 597.279541015625 598.49560546875 0  0
id 1505251565 643.846557617188 608.021728515625 3  0
id 1505251566 656.369018554688 610.927185058594 0  0
id 1505251566 669.608093261719 611.321228027344 3  0
id 1505251566 687.355590820312 613.701293945312 0  0
id 1505251566 695.855773925781 607.504333496094 0  2
id 1505251566 729.196166992188 586.779052734375 2  0
id 1505251566 740.60595703125 579.946105957031 0  0
id 1505251566 767.176696777344 552.209655761719 2  0
id 1505251573 451.772521972656 444.628082275391 1  0
id 1505251574 460.812103271484 480.130004882812 1  2
id 1505251574 476.966278076172 495.442077636719 1  2
id 1505251576 550.410583496094 571.366882324219 1  2
id 1505251577 615.60986328125 608.071472167969 1  2
id 1505251577 654.664916992188 611.320007324219 1  2
id 1505251578 699.404235839844 603.743774414062 1  0
id 1505251578 741.586486816406 594.840881347656 1  2
id 1505251579 774.413330078125 572.329895019531 1  2
id 1505251579 782.944030761719 556.178344726562 3  0
id 1505251579 799.819946289062 543.675598144531 1  0
id 1505251579 814.848815917969 525.191162109375 1  2
id 1505251582 850.0361328125 356.809448242188 1  0
id 1505251582 841.176696777344 351.601654052734 2  0
id 1505251583 833.407409667969 325.82568359375 1  0
id 1505251584 817.673461914062 289.986755371094 1  2
id 1505251584 787.375122070312 263.102722167969 1  0
id 1505251584 781.011535644531 250.376510620117 1  2
id 1505251584 760.897766113281 244.256698608398 1  2
id 1505251585 700.128112792969 215.368789672852 1  2
id 1505251585 686.346984863281 217.811706542969 1  2
id 1505251585 674.126220703125 211.482055664062 1  2
id 1505251585 648.40234375 209.682327270508 1  2
id 1505251585 632.931091308594 210.348205566406 1  2
id 1505251586 560.624755859375 225.152252197266 1  2
id 1505251587 524.527099609375 255.603897094727 1  2
id 1505251588 492.572570800781 286.94921875 1  2
id 1505251588 470.322998046875 327.569885253906 1  0
id 1505251589 454.230377197266 390.739715576172 1  0
id 1505251589 464.529449462891 394.128631591797 1  0
id 1505251589 462.161834716797 415.363922119141 1  0
id 1505251589 464.456939697266 421.003692626953 1  0
id 1505251590 464.661315917969 434.532836914062 1  2
id 1505251592 469.27978515625 436.884399414062 1  0
id 1505251593 471.348602294922 458.483459472656 1  2
id 1505251593 492.485015869141 503.447906494141 1  2
id 1505251593 507.481597900391 533.91015625 1  2
id 1505251594 571.063110351562 595.023620605469 1  2
id 1505251595 613.243103027344 605.852966308594 1  2
id 1505251595 625.092895507812 603.93603515625 1  2
id 1505251595 643.309814453125 604.937194824219 1  2
id 1505251595 664.106750488281 601.02880859375 1  2
id 1505251595 674.930114746094 603.963012695312 1  2
id 1505251595 692.2314453125 602.061279296875 1  2
id 1505251595 705.181823730469 602.677062988281 1  2
id 1505251595 715.95654296875 600.511840820312 1  2
id 1505251595 769.212951660156 581.732299804688 1  2
id 1505251596 794.885009765625 560.585693359375 2  0
id 1505251596 795.200073242188 547.778442382812 2  2
id 1505251596 825.686767578125 516.623229980469 2  2
id 1505251596 833.404663085938 507.218811035156 1  0
id 1505251596 828.29345703125 494.943420410156 1  2
id 1505251596 850.528198242188 436.889129638672 2  0
id 1505251597 856.7099609375 405.820831298828 1  0
id 1505251597 861.908264160156 360.967376708984 2  0
id 1505251598 822.22216796875 281.463317871094 1  0
id 1505251598 805.619995117188 266.769226074219 1  2
id 1505251598 795.17724609375 256.030334472656 1  2
id 1505251598 775.062866210938 240.126342773438 1  2
id 1505251598 764.278198242188 232.127319335938 1  2
id 1505251598 742.267639160156 223.044219970703 1  2
id 1505251598 724.198425292969 217.705154418945 1  2
id 1505251598 702.759521484375 207.018447875977 1  2
id 1505251598 699.100341796875 203.743316650391 2  0
id 1505251599 658.224426269531 209.719924926758 1  0
id 1505251599 613.330871582031 211.501861572266 1  2
id 1505251599 597.699645996094 213.322326660156 1  2
id 1505251599 569.688110351562 220.821670532227 2  0
id 1505251599 537.254333496094 237.40283203125 1  0
id 1505251599 520.617431640625 246.651565551758 1  2
id 1505251599 495.74462890625 268.317626953125 1  2
id 1505251600 480.045471191406 286.706146240234 1  2
id 1505251600 467.191741943359 303.2626953125 1  2
id 1505251600 450.554656982422 342.161193847656 1  0
id 1505251600 455.305999755859 356.991821289062 1  2
id 1505251600 451.946166992188 383.992431640625 1  2
id 1505251600 452.523071289062 409.891845703125 1  2
id 1505251601 462.762878417969 439.291900634766 1  2
id 1505251601 475.457214355469 471.252166748047 1  2
id 1505251601 509.020141601562 515.546936035156 1  2
id 1505251601 510.691772460938 524.413940429688 1  2
id 1505251601 521.802429199219 536.072509765625 1  2
id 1505251602 573.320251464844 591.855895996094 1  2
id 1505251602 591.717163085938 602.060729980469 1  2
id 1505251602 611.698913574219 611.893981933594 1  2
id 1505251602 637.48828125 615.152526855469 1  2
id 1505251602 662.288269042969 618.336853027344 1  2
id 1505251602 679.5458984375 619.993530273438 1  2
id 1505251602 707.508422851562 610.890319824219 1  2
id 1505251602 718.762451171875 605.723693847656 1  2
id 1505251602 727.230102539062 597.71484375 1  2
id 1505251603 737.299743652344 602.786926269531 1  2
id 1505251603 747.5615234375 589.951416015625 1  2
id 1505251603 774.239074707031 579.609008789062 1  2
id 1505251603 786.845458984375 558.511596679688 2  0
id 1505251603 820.862731933594 526.283386230469 3  0
id 1505251603 828.172790527344 511.787994384766 2  0
id 1505251603 833.21142578125 499.088104248047 1  0
id 1505251603 840.2900390625 487.055053710938 2  0
id 1505251603 862.903198242188 463.301208496094 1  0
id 1505251603 852.363891601562 449.939361572266 2  0
id 1505251603 857.789245605469 436.969299316406 1  0
id 1505251603 860.445617675781 424.923675537109 1  2
id 1505251604 869.3671875 414.580657958984 1  2
id 1505251604 861.401062011719 429.985809326172 1  2
id 1505251605 850.3203125 420.222442626953 1  2
id 1505251605 853.312561035156 394.399749755859 2  0
id 1505251605 856.51123046875 383.016174316406 1  0
id 1505251605 858.694458007812 368.054382324219 1  2
id 1505251605 861.092224121094 356.416137695312 1  2
id 1505251605 859.759582519531 343.726196289062 1  2
id 1505251605 836.064636230469 321.179290771484 2  0
id 1505251605 814.200073242188 285.121795654297 1  0
id 1505251606 794.429443359375 272.851684570312 2  0
id 1505251608 666.607666015625 209.223068237305 1  0
id 1505251608 648.295959472656 208.198577880859 1  2
id 1505251608 613.781616210938 210.194061279297 1  2
id 1505251608 602.591125488281 210.753860473633 1  2
id 1505251608 588.662475585938 211.616683959961 1  2
id 1505251608 578.49658203125 223.442413330078 1  2
id 1505251608 553.82666015625 226.310577392578 1  2
id 1505251608 543.419372558594 231.544937133789 1  2
id 1505251608 531.505065917969 238.377258300781 2  0
id 1505251610 460.69775390625 354.280639648438 1  0
id 1505251610 455.068603515625 393.0458984375 1  2
id 1505251611 489.822570800781 501.633361816406 1  2
id 1505251612 507.496765136719 537.315002441406 1  2
id 1505251614 605.002380371094 609.010925292969 1  2
id 1505251614 626.4072265625 610.655883789062 1  2
id 1505251614 673.478942871094 613.274963378906 1  2
id 1505251615 699.060607910156 607.544311523438 1  2
id 1505251615 738.479797363281 597.28515625 1  2
id 1505251615 756.264038085938 582.877624511719 1  2
id 1505251615 775.655212402344 578.044616699219 1  2
id 1505251615 782.475830078125 559.025024414062 1  2
id 1505251615 795.431091308594 558.473876953125 2  0
id 1505251615 807.645324707031 526.774597167969 1  0
id 1505251615 818.008544921875 524.846923828125 1  2
id 1505251615 833.68896484375 497.923095703125 1  2
id 1505251616 845.913635253906 468.616302490234 1  2
id 1505251616 860.496459960938 453.011413574219 1  2
id 1505251616 855.800537109375 437.590148925781 1  2
id 1505251616 862.88720703125 423.426300048828 1  2
id 1505251616 860.045349121094 410.914276123047 1  2
id 1505251616 861.138427734375 393.585601806641 1  2
id 1505251616 844.896179199219 351.395141601562 2  0
id 1505251616 836.315979003906 330.706115722656 1  0
id 1505251617 828.671752929688 319.191741943359 1  2
id 1505251617 819.786437988281 286.912902832031 1  2
id 1505251617 794.244812011719 259.208862304688 1  2
id 1505251617 791.439270019531 246.60466003418 1  2
id 1505251617 768.825500488281 235.006240844727 1  2
id 1505251617 752.545349121094 233.075119018555 1  2
id 1505251617 739.924743652344 227.16926574707 1  2
id 1505251618 708.614318847656 223.067672729492 2  0
id 1505251618 697.694946289062 212.74821472168 1  0
id 1505251618 668.744079589844 211.190948486328 1  2
id 1505251618 645.6015625 221.568908691406 1  2
id 1505251618 631.863891601562 217.343154907227 1  2
id 1505251618 612.289184570312 220.185440063477 1  2
id 1505251618 593.149169921875 219.67805480957 1  0
id 1505251618 573.030700683594 226.49609375 1  2
id 1505251618 558.439758300781 230.190689086914 1  2
id 1505251619 525.483703613281 247.3671875 1  2
id 1505251619 507.836151123047 252.102523803711 1  2
id 1505251619 481.289703369141 271.197082519531 1  2
id 1505251619 467.702331542969 306.717803955078 1  2
id 1505251619 459.004730224609 319.194030761719 1  0
id 1505251619 455.635437011719 337.681274414062 1  0
id 1505251620 451.701416015625 366.182861328125 1  0
id 1505251620 447.880187988281 379.296875 1  2
id 1505251620 453.172790527344 406.212524414062 1  2
id 1505251620 461.065948486328 426.718994140625 1  2
id 1505251620 456.2001953125 465.122894287109 1  2
id 1505251621 477.657348632812 505.414459228516 1  2
id 1505251622 503.083251953125 552.035522460938 1  2
id 1505251623 560.982177734375 597.088195800781 1  2
id 1505251624 673.843627929688 623.359741210938 1  2
id 1505251624 714.622375488281 609.277954101562 1  2
id 1505251624 726.911865234375 609.202880859375 1  2
id 1505251624 759.328857421875 588.333923339844 1  2
id 1505251624 779.85107421875 572.220703125 3  0
id 1505251624 804.01220703125 537.976745605469 1  0
id 1505251624 824.6533203125 513.614440917969 1  2
id 1505251625 837.227966308594 497.312255859375 1  2
id 1505251625 843.272338867188 475.992645263672 1  2
id 1505251625 856.886047363281 452.421630859375 1  2
id 1505251625 855.765197753906 396.423614501953 1  2
id 1505251625 845.24169921875 365.434234619141 1  2
id 1505251625 839.597778320312 355.851806640625 1  2
id 1505251625 839.670593261719 340.046508789062 1  2
id 1505251625 840.816650390625 327.774749755859 1  2
id 1505251626 831.998413085938 317.202453613281 1  2
id 1505251626 821.96435546875 281.703369140625 1  2
id 1505251626 814.288330078125 269.411682128906 1  2
id 1505251626 792.476745605469 244.924423217773 1  2
id 1505251626 766.354858398438 237.897735595703 1  2
id 1505251626 742.501708984375 224.373062133789 1  2
id 1505251626 714.536315917969 216.912689208984 1  2
id 1505251626 686.811462402344 206.825698852539 1  2
id 1505251626 675.664916992188 209.240753173828 1  2
id 1505251626 659.281311035156 208.308364868164 1  2
id 1505251627 644.750549316406 209.865295410156 1  2
id 1505251627 615.947326660156 211.662963867188 1  2
id 1505251627 589.577270507812 212.78337097168 1  2
id 1505251627 567.662841796875 227.371139526367 1  2
id 1505251627 551.354431152344 232.716339111328 1  2
id 1505251627 540.887268066406 233.310821533203 1  2
id 1505251627 528.834533691406 241.769729614258 1  2
id 1505251627 517.990844726562 248.736709594727 1  2
id 1505251627 504.135192871094 262.763641357422 1  2
id 1505251627 496.706848144531 275.861755371094 1  2
id 1505251627 478.638488769531 288.255737304688 1  2
id 1505251627 474.201751708984 307.614227294922 1  2
