id 1505245775 419.207458496094 404.651397705078 2  0
id 1505245776 429.5771484375 403.876892089844 1  0
id 1505245776 466.190093994141 398.175750732422 1  0
id 1505245777 476.728912353516 397.239837646484 2  0
id 1505245778 589.845825195312 400.576354980469 1  0
id 1505245779 626.363220214844 405.445495605469 1  2
id 1505245779 636.568359375 402.795166015625 2  0
id 1505245779 641.53955078125 400.741485595703 2  0
id 1505245779 674.525024414062 398.683074951172 1  0
id 1505245779 679.211486816406 398.255004882812 1  0
id 1505245779 704.525085449219 400.239135742188 1  0
id 1505245780 707.308776855469 392.636169433594 1  0
id 1505245780 680.59326171875 406.368865966797 1  0
id 1505245781 661.653137207031 402.167327880859 1  2
id 1505245781 626.454833984375 409.762908935547 1  0
id 1505245781 602.746154785156 404.72705078125 1  2
id 1505245781 594.60400390625 406.8701171875 1  2
id 1505245782 529.291687011719 415.239959716797 2  0
id 1505245782 491.166778564453 404.643768310547 1  0
id 1505245783 461.55126953125 407.978271484375 1  2
id 1505245783 451.496887207031 406.084655761719 1  2
id 1505245783 406.128387451172 399.377990722656 1  0
id 1505245783 436.569366455078 402.613311767578 1  2
id 1505245784 465.125244140625 405.836761474609 1  2
id 1505245784 454.067962646484 410.946838378906 1  2
id 1505245784 463.986755371094 405.344757080078 1  2
id 1505245784 476.117248535156 403.285614013672 1  2
id 1505245784 524.50390625 402.782928466797 1  2
id 1505245785 547.6884765625 408.518890380859 1  2
id 1505245785 590.211853027344 406.561218261719 1  2
id 1505245786 620.877075195312 404.182403564453 2  0
id 1505245786 631.681518554688 403.935974121094 1  0
id 1505245786 655.869934082031 400.688201904297 1  2
id 1505245786 668.895935058594 402.32275390625 1  2
id 1505245786 685.298583984375 401.709625244141 1  2
id 1505245787 697.282165527344 396.908905029297 2  0
id 1505245787 649.197204589844 399.622863769531 1  0
id 1505245788 618.667236328125 399.8154296875 1  2
id 1505245788 606.476257324219 404.974212646484 1  2
id 1505245788 596.476745605469 400.835998535156 1  2
id 1505245789 535.071838378906 407.630584716797 2  0
id 1505245789 494.749938964844 409.892852783203 2  2
id 1505245789 475.099822998047 408.439025878906 1  0
id 1505245789 440.330352783203 403.815155029297 1  2
id 1505245790 433.207427978516 397.884979248047 1  0
id 1505245790 418.236175537109 399.783538818359 1  0
id 1505245790 466.619476318359 405.987457275391 1  2
id 1505245792 589.162231445312 398.026214599609 2  0
id 1505245792 578.723266601562 404.130310058594 1  0
id 1505245792 542.162719726562 407.944000244141 1  2
id 1505245792 524.519226074219 410.066986083984 2  0
id 1505245792 509.719909667969 409.403106689453 1  0
id 1505245793 514.742004394531 404.790222167969 1  2
id 1505245793 537.393981933594 403.793884277344 1  2
id 1505245793 558.17919921875 402.307037353516 1  2
id 1505245793 592.975219726562 400.111755371094 2  0
id 1505245793 622.516235351562 397.562255859375 2  2
id 1505245794 638.705932617188 400.608734130859 1  0
id 1505245794 658.970397949219 399.328735351562 1  2
id 1505245794 677.389343261719 395.117919921875 2  0
id 1505245794 688.078002929688 393.25244140625 2  2
id 1505245795 650.405029296875 400.400817871094 1  0
id 1505245795 623.672668457031 402.218658447266 1  2
id 1505245795 604.90625 409.399322509766 1  2
id 1505245795 585.947143554688 403.422546386719 1  2
id 1505245795 570.233947753906 403.656677246094 1  2
id 1505245795 554.261596679688 402.284027099609 1  2
id 1505245795 543.475708007812 408.654968261719 1  2
id 1505245795 528.095520019531 405.180297851562 1  2
id 1505245796 492.519104003906 407.399871826172 1  2
id 1505245796 463.077911376953 413.489532470703 1  2
id 1505245796 429.602905273438 409.448364257812 1  0
id 1505245796 418.440338134766 409.896789550781 1  2
id 1505245796 421.562805175781 408.971984863281 1  0
id 1505245796 440.339935302734 403.361358642578 1  0
id 1505245796 450.825958251953 406.038635253906 1  2
id 1505245797 463.563537597656 407.441009521484 1  0
id 1505245797 491.969787597656 404.410766601562 1  2
id 1505245797 561.444213867188 405.294067382812 2  0
id 1505245797 599.364807128906 405.070159912109 1  0
id 1505245798 645.015502929688 398.198699951172 2  0
id 1505245798 663.810913085938 399.265167236328 1  0
id 1505245798 684.399963378906 396.052734375 1  0
id 1505245798 680.536254882812 399.182525634766 2  0
id 1505245798 679.475708007812 395.514617919922 2  0
id 1505245799 700.438354492188 396.673797607422 2  2
id 1505245799 702.447082519531 396.524169921875 1  0
