id 1505251692 404.215789794922 406.116943359375 1  0
id 1505251693 450.1484375 409.534606933594 1  2
id 1505251693 464.151519775391 404.178802490234 1  0
id 1505251693 503.471832275391 405.359588623047 1  2
id 1505251693 522.203857421875 409.777435302734 2  0
id 1505251693 557.204162597656 410.126220703125 1  0
id 1505251693 585.77099609375 412.056488037109 2  0
id 1505251693 603.094909667969 410.740295410156 1  0
id 1505251693 623.139343261719 409.840423583984 1  2
id 1505251693 635.201965332031 407.856048583984 1  2
id 1505251693 647.270141601562 408.25341796875 1  2
id 1505251693 666.209777832031 413.583984375 1  2
id 1505251693 691.437744140625 415.876220703125 1  2
id 1505251694 650.516357421875 414.902191162109 1  2
id 1505251695 618.886901855469 410.364440917969 1  2
id 1505251695 597.169006347656 413.039794921875 1  2
id 1505251695 583.510559082031 412.610076904297 1  2
id 1505251695 568.557983398438 404.814971923828 1  2
id 1505251695 555.196105957031 411.393341064453 1  2
id 1505251695 521.23828125 402.384460449219 1  0
id 1505251695 503.443908691406 405.368865966797 1  2
id 1505251695 489.087921142578 400.297637939453 1  2
id 1505251695 470.608642578125 403.696807861328 1  2
id 1505251695 451.493499755859 400.509857177734 1  2
id 1505251695 414.236877441406 406.751831054688 1  2
id 1505251695 397.907073974609 399.821807861328 1  2
id 1505251696 405.962554931641 405.393615722656 1  2
id 1505251696 429.864685058594 416.278625488281 1  2
id 1505251696 450.155914306641 405.454162597656 1  2
id 1505251696 463.353881835938 411.63623046875 1  2
id 1505251696 473.731903076172 406.789733886719 1  2
id 1505251696 506.033325195312 406.642852783203 1  2
id 1505251696 515.966979980469 402.620330810547 1  2
id 1505251696 543.245300292969 404.804168701172 2  0
id 1505251696 555.672973632812 406.408294677734 1  0
id 1505251697 583.714416503906 404.234771728516 1  2
id 1505251697 596.214538574219 408.373626708984 1  2
id 1505251697 610.985229492188 410.744415283203 1  2
id 1505251697 632.061401367188 407.648895263672 1  2
id 1505251697 657.764526367188 409.981048583984 1  2
id 1505251697 668.097229003906 408.634063720703 1  2
id 1505251697 695.700988769531 408.319396972656 2  0
id 1505251698 691.068115234375 413.207946777344 1  0
id 1505251698 656.197998046875 408.030395507812 1  2
id 1505251698 611.84326171875 414.245391845703 2  0
id 1505251698 602.505981445312 409.823699951172 1  0
id 1505251698 581.268432617188 414.43896484375 1  2
id 1505251698 565.947875976562 410.506408691406 1  2
id 1505251698 553.948913574219 408.972625732422 1  2
id 1505251698 530.924560546875 410.167419433594 1  2
id 1505251698 517.627990722656 406.690124511719 1  2
id 1505251698 491.504547119141 404.830230712891 1  2
id 1505251699 437.144775390625 401.9970703125 1  0
id 1505251699 413.643280029297 409.344543457031 2  0
id 1505251699 430.664154052734 403.588165283203 1  0
id 1505251699 453.503448486328 402.466003417969 1  2
id 1505251699 469.949279785156 402.839477539062 1  2
id 1505251700 503.130157470703 408.011474609375 1  2
id 1505251700 525.948791503906 402.618041992188 1  2
id 1505251700 568.075927734375 408.363647460938 1  2
id 1505251700 592.46728515625 405.930755615234 1  2
id 1505251700 623.771545410156 408.458435058594 1  2
id 1505251700 647.786804199219 403.662628173828 1  2
id 1505251700 665.119567871094 408.855438232422 2  0
id 1505251700 694.592346191406 408.535400390625 1  0
id 1505251700 707.7802734375 406.753204345703 2  0
id 1505251700 716.985595703125 390.865447998047 1  0
