id 1505244846 420.979827880859 400.484130859375 1  0
id 1505244846 430.196258544922 403.193481445312 1  0
id 1505244847 489.228485107422 401.685394287109 1  0
id 1505244847 497.562622070312 400.184173583984 2  0
id 1505244847 509.742919921875 399.373626708984 1  0
id 1505244848 540.332153320312 401.868682861328 1  0
id 1505244848 549.236267089844 400.138092041016 1  0
id 1505244848 566.84033203125 397.900207519531 1  0
id 1505244849 571.673706054688 398.001770019531 1  0
id 1505244850 602.374755859375 399.957611083984 1  0
id 1505244850 606.287963867188 400.684783935547 1  0
id 1505244850 641.237487792969 399.058776855469 1  0
id 1505244850 648.860717773438 398.656066894531 1  0
id 1505244850 652.745788574219 396.420776367188 2  0
id 1505244851 708.481201171875 399.961212158203 2  0
id 1505244852 716.381713867188 396.756011962891 1  0
id 1505244852 708.631225585938 391.720062255859 1  0
id 1505244852 704.185546875 392.630523681641 1  0
id 1505244853 679.050048828125 396.009429931641 1  0
id 1505244853 669.593505859375 397.490356445312 1  0
id 1505244853 669.547302246094 397.858581542969 1  0
id 1505244854 644.234741210938 398.690795898438 2  0
id 1505244854 641.130004882812 397.553771972656 1  0
id 1505244854 637.195373535156 400.517028808594 1  0
id 1505244854 621.063415527344 400.330902099609 1  0
id 1505244854 616.532897949219 401.362457275391 2  0
id 1505244854 603.79443359375 400.620483398438 1  0
id 1505244855 592.589294433594 398.142181396484 1  2
id 1505244855 587.599548339844 399.143127441406 1  0
id 1505244856 567.959899902344 395.852142333984 1  0
id 1505244856 548.185485839844 400.505340576172 1  0
id 1505244857 519.378112792969 398.901672363281 1  0
id 1505244857 499.501922607422 393.460296630859 1  0
id 1505244857 499.039764404297 391.763702392578 1  0
id 1505244858 493.499420166016 397.056579589844 1  0
id 1505244858 479.382202148438 393.728454589844 1  0
id 1505244859 453.814025878906 395.434753417969 2  0
id 1505244859 453.272369384766 395.87890625 1  0
id 1505244859 445.809783935547 395.552917480469 1  0
id 1505244859 445.558471679688 394.281341552734 1  0
id 1505244859 438.260375976562 394.580261230469 2  0
id 1505244859 422.807281494141 397.119720458984 2  0
