id 1505249840 785.451782226562 269.884063720703 1  2
id 1505249841 829.3701171875 332.673706054688 3  0
id 1505249842 832.826293945312 355.593933105469 2  0
id 1505249844 847.9404296875 433.593688964844 2  2
id 1505249845 847.613525390625 476.245330810547 1  0
id 1505249845 843.360473632812 464.839263916016 1  2
id 1505249846 811.639587402344 532.537292480469 2  0
id 1505249847 796.76318359375 550.721374511719 2  2
id 1505249847 781.014282226562 574.721862792969 1  0
id 1505249848 754.344970703125 591.13525390625 1  2
id 1505249849 724.294555664062 607.017333984375 2  0
id 1505249849 707.323120117188 613.792175292969 2  2
id 1505249849 680.173034667969 621.381408691406 1  0
id 1505249849 667.9482421875 622.864562988281 1  2
id 1505249849 653.863891601562 624.364135742188 0  0
id 1505249849 610.974731445312 627.62353515625 3  0
id 1505249850 579.656921386719 620.094909667969 3  2
id 1505249850 570.021850585938 604.772521972656 3  2
id 1505249850 549.286254882812 597.214172363281 1  0
id 1505249851 511.196105957031 564.236511230469 1  2
id 1505249851 499.926300048828 556.667419433594 1  2
id 1505249853 473.780395507812 507.633758544922 2  0
id 1505249853 467.529937744141 486.867034912109 1  0
id 1505249853 449.973541259766 463.1650390625 2  0
id 1505249853 449.825805664062 452.250854492188 1  0
id 1505249854 441.037689208984 405.183288574219 2  0
id 1505249855 458.393402099609 361.296813964844 2  2
id 1505249855 460.155609130859 346.447784423828 1  0
id 1505249855 463.927795410156 336.466217041016 1  2
id 1505249855 473.8408203125 309.722076416016 1  2
id 1505249855 482.919952392578 295.757568359375 2  0
id 1505249855 492.560546875 287.246215820312 2  2
id 1505249856 517.832336425781 264.674835205078 2  2
id 1505249857 540.368225097656 246.425918579102 2  0
id 1505249857 561.520324707031 232.967971801758 1  0
id 1505249859 615.5927734375 217.953109741211 1  2
id 1505249859 628.837890625 211.652404785156 2  0
id 1505249859 650.402404785156 209.723510742188 1  0
id 1505249859 672.194702148438 214.225296020508 1  2
id 1505249859 698.549499511719 216.224655151367 1  2
id 1505249859 725.909973144531 222.031951904297 1  2
id 1505249860 763.064147949219 253.691558837891 2  0
id 1505249861 796.23291015625 277.680297851562 1  0
id 1505249863 834.926574707031 356.29345703125 1  2
id 1505249863 842.01953125 369.204132080078 1  2
id 1505249863 846.779541015625 383.934906005859 1  2
id 1505249865 835.142944335938 500.110931396484 1  2
id 1505249866 825.818420410156 507.861083984375 2  0
id 1505249866 807.928100585938 527.995422363281 1  0
id 1505249867 782.710998535156 563.5673828125 3  0
id 1505249867 767.900451660156 579.723693847656 1  0
id 1505249867 741.678283691406 598.16064453125 2  0
id 1505249868 721.306701660156 601.392395019531 2  2
id 1505249868 711.0771484375 605.288391113281 1  0
id 1505249868 691.201049804688 613.273498535156 3  0
id 1505249868 678.549682617188 618.188171386719 1  0
id 1505249868 667.967102050781 617.544982910156 1  2
id 1505249868 654.066223144531 618.098022460938 2  0
id 1505249868 640.140991210938 619.275817871094 2  2
id 1505249868 627.425476074219 621.883056640625 3  0
id 1505249869 603.1328125 611.164184570312 3  2
id 1505249869 580.293090820312 608.102966308594 3  2
id 1505249870 526.852661132812 573.540161132812 3  2
id 1505249870 515.271667480469 553.864196777344 1  0
id 1505249870 503.584350585938 543.368103027344 2  0
id 1505249870 495.742095947266 534.183715820312 3  0
id 1505249870 486.443695068359 529.249572753906 3  2
id 1505249871 483.351318359375 519.98046875 3  2
id 1505249871 461.752777099609 465.761932373047 1  0
id 1505249872 449.857574462891 400.085754394531 3  0
id 1505249872 462.810485839844 362.476928710938 2  0
id 1505249873 464.159332275391 332.992950439453 1  0
id 1505249873 472.426910400391 325.331848144531 2  0
id 1505249873 481.872589111328 312.990020751953 3  0
id 1505249873 496.160522460938 286.9423828125 2  0
id 1505249873 503.001281738281 274.639862060547 1  0
id 1505249873 514.621032714844 274.520935058594 1  2
id 1505249874 537.57470703125 249.489944458008 1  0
id 1505249874 548.899108886719 232.387924194336 3  0
id 1505249874 575.76806640625 225.996826171875 1  0
id 1505249874 598.265747070312 218.213226318359 1  2
id 1505249874 613.083618164062 212.964324951172 2  0
id 1505249874 649.77783203125 219.848007202148 1  0
id 1505249874 670.120483398438 217.383087158203 1  2
id 1505249874 689.134460449219 219.835205078125 1  2
id 1505249874 708.228942871094 225.283630371094 2  0
id 1505249874 718.724731445312 226.992385864258 3  0
id 1505249875 740.389038085938 228.304992675781 1  0
id 1505249875 753.734680175781 239.098480224609 1  0
id 1505249875 771.429992675781 250.450241088867 2  0
id 1505249876 789.065856933594 269.965148925781 1  0
id 1505249876 803.847351074219 278.040283203125 1  2
id 1505249876 810.860168457031 285.772674560547 1  2
id 1505249877 843.606811523438 346.273101806641 1  2
id 1505249878 850.012268066406 379.438079833984 2  0
id 1505249879 826.0693359375 516.304565429688 1  0
id 1505249879 822.01220703125 526.405578613281 1  2
id 1505249880 768.474670410156 582.107360839844 2  0
id 1505249880 759.323669433594 592.70068359375 3  0
id 1505249880 742.163757324219 595.017944335938 3  2
id 1505249880 701.687194824219 611.837829589844 2  0
id 1505249880 682.3505859375 624.414123535156 1  0
id 1505249880 665.255126953125 620.978515625 1  2
id 1505249881 647.641906738281 621.317199707031 1  2
id 1505249881 616.197021484375 623.7861328125 1  2
id 1505249881 599.602661132812 613.346313476562 1  2
id 1505249881 585.570556640625 619.051452636719 1  2
id 1505249881 582.458068847656 608.773620605469 3  0
id 1505249881 569.234375 610.429321289062 2  0
id 1505249881 562.126831054688 602.434509277344 3  0
id 1505249881 544.692565917969 592.367553710938 2  0
id 1505249881 537.071655273438 582.407409667969 2  2
id 1505249881 526.338684082031 575.766418457031 1  0
id 1505249881 516.488403320312 566.300109863281 1  2
id 1505249881 506.440338134766 561.885864257812 3  0
id 1505249881 492.711212158203 543.226318359375 3  2
id 1505249881 483.358764648438 526.981079101562 1  0
id 1505249881 473.517456054688 488.337921142578 1  2
id 1505249881 464.296722412109 480.799865722656 1  2
id 1505249882 456.214935302734 454.298156738281 1  2
id 1505249883 450.045989990234 374.026733398438 3  0
id 1505249883 458.090270996094 359.453460693359 2  0
id 1505249883 458.082763671875 348.387512207031 1  0
id 1505249884 468.165710449219 331.085021972656 3  0
id 1505249884 479.099700927734 323.812377929688 2  0
id 1505249884 489.685729980469 307.347442626953 2  2
id 1505249884 494.865447998047 297.317687988281 1  0
id 1505249884 505.192260742188 289.478271484375 2  0
id 1505249884 504.727111816406 274.754302978516 3  0
id 1505249884 514.969909667969 265.385101318359 1  0
id 1505249884 525.934753417969 255.09001159668 1  2
id 1505249884 541.702453613281 241.821746826172 1  2
id 1505249884 554.062805175781 235.93586730957 2  0
id 1505249884 579.310607910156 229.255859375 1  0
id 1505249884 589.07421875 224.918228149414 2  0
id 1505249884 599.842041015625 221.546081542969 1  0
id 1505249884 613.936401367188 220.00212097168 1  2
id 1505249884 638.500793457031 220.287002563477 2  0
id 1505249884 654.368530273438 221.860443115234 1  0
id 1505249884 674.20703125 221.519790649414 2  0
id 1505249884 692.402282714844 223.309463500977 1  0
id 1505249885 722.190185546875 227.092651367188 3  0
id 1505249885 733.966125488281 228.494064331055 1  0
id 1505249885 753.822937011719 245.003463745117 1  2
id 1505249885 766.900939941406 246.945281982422 1  2
id 1505249885 783.880310058594 257.273254394531 1  2
id 1505249885 795.779113769531 265.729064941406 1  2
id 1505249885 802.92041015625 274.871124267578 2  0
id 1505249886 820.182006835938 308.982879638672 2  2
id 1505249887 857.770751953125 428.946350097656 1  0
id 1505249888 848.158752441406 476.340301513672 1  2
id 1505249888 834.862609863281 486.869445800781 1  2
id 1505249888 839.49169921875 505.215759277344 1  2
id 1505249889 796.218688964844 554.369262695312 1  2
id 1505249889 766.547729492188 583.556030273438 2  0
id 1505249889 718.190673828125 609.481079101562 2  2
id 1505249889 699.253723144531 612.700134277344 3  0
id 1505249889 684.386047363281 621.862548828125 2  0
id 1505249890 662.193237304688 619.70068359375 1  0
id 1505249890 650.24951171875 616.548217773438 1  2
id 1505249890 632.465148925781 622.164123535156 1  2
id 1505249890 616.008483886719 623.567016601562 2  0
id 1505249890 603.392944335938 619.317687988281 2  2
id 1505249890 589.820983886719 619.271545410156 1  0
id 1505249890 566.591491699219 600.373962402344 2  0
id 1505249890 549.137451171875 590.946655273438 3  0
id 1505249890 537.54931640625 580.700256347656 1  0
id 1505249890 517.404052734375 551.492004394531 1  2
id 1505249890 496.94580078125 528.521179199219 2  0
id 1505249890 485.930786132812 517.693908691406 2  2
id 1505249890 473.174713134766 483.195007324219 1  0
id 1505249890 463.379638671875 475.824401855469 1  2
id 1505249890 453.236511230469 445.096923828125 1  2
id 1505249891 448.175750732422 413.253875732422 3  0
id 1505249891 446.007232666016 395.863311767578 3  2
id 1505249891 456.238037109375 381.646118164062 2  0
id 1505249891 462.524078369141 368.261871337891 1  0
id 1505249891 459.557373046875 356.773071289062 1  2
id 1505249891 454.999755859375 346.357208251953 3  0
id 1505249891 466.532409667969 326.982055664062 3  2
id 1505249891 466.357604980469 314.992370605469 3  2
id 1505249891 471.63720703125 303.34814453125 3  2
id 1505249891 476.900939941406 292.162261962891 3  2
id 1505249891 488.656646728516 287.084014892578 2  0
id 1505249891 501.511840820312 265.165985107422 3  0
id 1505249891 519.303955078125 253.657455444336 3  2
id 1505249891 532.14111328125 243.922927856445 3  2
id 1505249891 545.29248046875 241.298461914062 3  2
id 1505249892 575.920166015625 231.042785644531 1  0
id 1505249892 592.771606445312 228.493942260742 2  0
id 1505249892 647.464660644531 230.578659057617 1  0
id 1505249892 668.177856445312 227.630081176758 2  0
id 1505249892 690.295349121094 228.973342895508 3  0
id 1505249892 737.92626953125 231.253067016602 1  0
id 1505249892 755.7919921875 245.005294799805 1  2
id 1505249892 770.301208496094 254.794952392578 1  2
id 1505249892 792.976440429688 275.874114990234 1  2
id 1505249892 810.805114746094 294.003692626953 2  0
id 1505249892 819.849487304688 303.883209228516 1  0
id 1505249894 843.584655761719 372.830535888672 1  2
id 1505249896 851.477478027344 419.738555908203 1  2
id 1505249896 849.815979003906 455.685119628906 1  2
id 1505249896 847.31982421875 474.283538818359 1  2
id 1505249896 826.664306640625 527.803466796875 1  2
id 1505249896 808.88427734375 544.8779296875 1  2
id 1505249896 795.757080078125 564.958679199219 3  0
id 1505249897 778.30126953125 588.929931640625 1  0
id 1505249897 766.594909667969 599.483642578125 3  0
id 1505249897 749.829772949219 607.908142089844 0  0
id 1505249897 737.989318847656 617.104309082031 2  0
id 1505249897 710.886962890625 623.658813476562 1  0
id 1505249897 701.858581542969 632.828125 2  0
id 1505249897 648.187683105469 639.069091796875 1  0
id 1505249897 629.745971679688 642.359924316406 1  2
id 1505249897 612.020080566406 638.963989257812 1  2
id 1505249897 601.640441894531 629.935302734375 1  2
id 1505249897 584.92431640625 617.951110839844 1  2
id 1505249897 572.934875488281 615.073486328125 3  0
id 1505249897 542.686950683594 591.026916503906 2  0
id 1505249897 529.5732421875 572.439819335938 2  2
id 1505249897 510.780700683594 555.362487792969 1  0
id 1505249897 499.919555664062 540.005004882812 2  0
id 1505249897 488.05078125 525.695678710938 2  2
id 1505249897 480.767669677734 505.765472412109 1  0
id 1505249898 471.776550292969 484.97900390625 1  2
id 1505249898 464.077758789062 457.749450683594 1  2
id 1505249898 457.147796630859 434.210662841797 1  2
id 1505249898 460.219635009766 372.181671142578 1  0
id 1505249898 471.847198486328 345.026947021484 2  0
id 1505249898 485.054962158203 331.314392089844 1  0
id 1505249898 508.901550292969 298.205535888672 2  0
id 1505249898 524.707214355469 282.296936035156 3  0
id 1505249898 543.493041992188 272.526123046875 1  0
id 1505249898 610.633178710938 236.017456054688 1  0
id 1505249898 635.680358886719 234.334701538086 3  0
id 1505249898 664.75439453125 233.175857543945 3  2
id 1505249898 715.347961425781 239.117401123047 1  0
id 1505249898 780.192199707031 259.204772949219 1  0
id 1505249898 814.719421386719 280.394683837891 2  0
id 1505249898 831.837463378906 294.677093505859 1  0
id 1505249898 837.674133300781 314.610656738281 1  2
id 1505249898 848.322814941406 339.540832519531 1  2
id 1505249899 851.780883789062 351.806640625 1  2
id 1505249899 849.496948242188 372.304351806641 1  2
id 1505249900 852.235168457031 441.993469238281 2  0
id 1505249900 853.362548828125 454.614990234375 2  2
