id 1505325722 415.990692138672 406.155090332031 1  0
id 1505325722 408.754913330078 403.161010742188 1  0
id 1505325722 429.988891601562 408.643524169922 2  0
id 1505325723 461.887542724609 410.488708496094 1  0
id 1505325723 481.8017578125 410.655517578125 1  2
id 1505325723 500.476348876953 403.537506103516 1  2
id 1505325723 526.478332519531 404.662506103516 2  0
id 1505325723 545.155029296875 402.706237792969 1  0
id 1505325723 557.654602050781 406.047271728516 1  2
id 1505325723 590.200927734375 408.062225341797 1  2
id 1505325723 613.232299804688 411.865356445312 1  2
id 1505325723 624.329956054688 411.372344970703 1  2
id 1505325723 650.127624511719 406.491241455078 2  0
id 1505325723 672.71044921875 407.661804199219 1  0
id 1505325723 690.398986816406 410.238403320312 1  2
id 1505325723 703.054382324219 414.067657470703 1  2
id 1505325723 723.79931640625 413.631805419922 1  2
id 1505325724 708.201293945312 408.326385498047 1  2
id 1505325724 696.464050292969 409.050537109375 1  2
id 1505325724 684.778747558594 410.658447265625 1  2
id 1505325724 664.836364746094 408.866088867188 1  2
id 1505325724 639.78466796875 416.200897216797 1  2
id 1505325724 616.012390136719 417.768676757812 1  2
id 1505325724 593.647033691406 420.955688476562 2  0
id 1505325724 582.684448242188 423.808410644531 2  2
id 1505325724 573.930603027344 415.457427978516 2  2
id 1505325724 559.650268554688 418.669708251953 2  2
id 1505325724 536.587524414062 415.522674560547 1  0
id 1505325724 519.818786621094 420.249664306641 1  2
id 1505325724 506.827270507812 413.508331298828 1  2
id 1505325724 486.604949951172 413.587585449219 2  0
id 1505325724 470.199432373047 409.503784179688 1  0
id 1505325724 451.218841552734 410.054870605469 2  0
id 1505325725 462.361755371094 413.621856689453 1  0
id 1505325725 473.330383300781 417.36865234375 1  2
id 1505325725 486.934234619141 420.800750732422 1  2
id 1505325725 514.817810058594 420.901641845703 1  2
id 1505325725 529.357543945312 417.047973632812 1  2
id 1505325725 552.408996582031 411.122589111328 1  2
id 1505325725 573.503845214844 407.969299316406 2  0
id 1505325725 590.473205566406 402.893768310547 2  2
id 1505325725 608.79150390625 413.373992919922 1  0
id 1505325725 627.100769042969 408.460418701172 1  2
id 1505325726 649.389831542969 404.277374267578 1  2
id 1505325726 669.207092285156 406.372161865234 1  2
id 1505325726 692.066833496094 408.543731689453 2  0
id 1505325726 703.653137207031 409.441650390625 1  0
id 1505325726 679.551025390625 407.560729980469 2  0
id 1505325726 670.98681640625 413.782318115234 1  0
id 1505325726 652.602844238281 411.609985351562 1  2
id 1505325726 636.130249023438 411.736938476562 2  0
id 1505325726 618.484619140625 412.126342773438 1  0
id 1505325726 598.050598144531 406.012603759766 1  2
id 1505325727 580.947998046875 408.265502929688 1  2
id 1505325727 563.228637695312 410.449798583984 1  2
id 1505325727 545.971130371094 405.445861816406 1  2
id 1505325727 530.762390136719 408.524566650391 1  2
id 1505325727 519.222961425781 406.137817382812 1  2
id 1505325727 496.020629882812 404.064636230469 1  2
id 1505325727 476.496032714844 406.856658935547 1  2
id 1505325727 451.967163085938 401.439636230469 1  2
id 1505325727 434.579925537109 407.313659667969 1  2
id 1505325727 416.151733398438 411.70947265625 1  2
id 1505325728 474.257141113281 414.511596679688 1  0
id 1505325728 501.055358886719 416.398498535156 1  2
id 1505325728 526.441223144531 412.621307373047 1  2
id 1505325728 548.322082519531 411.100463867188 1  2
id 1505325728 563.225830078125 411.204895019531 1  2
id 1505325728 589.639465332031 409.272583007812 2  0
id 1505325728 604.556030273438 408.810333251953 1  0
id 1505325728 618.448181152344 411.631011962891 1  2
id 1505325728 645.813659667969 407.937133789062 1  2
id 1505325728 656.99365234375 404.85009765625 1  2
id 1505325728 667.541809082031 403.227111816406 1  2
id 1505325728 697.916442871094 405.489837646484 1  0
id 1505325729 694.736755371094 404.099700927734 1  2
id 1505325729 682.851745605469 409.216674804688 1  2
id 1505325729 666.69970703125 408.789886474609 1  2
id 1505325729 650.268981933594 407.425140380859 2  0
id 1505325729 630.92529296875 407.012176513672 1  0
id 1505325729 614.592224121094 409.723388671875 1  2
id 1505325729 592.517639160156 410.775726318359 2  0
id 1505325729 558.199523925781 413.895629882812 1  0
id 1505325729 537.4208984375 408.824401855469 1  2
id 1505325729 503.119903564453 411.122650146484 1  2
id 1505325729 491.447296142578 404.763519287109 1  2
id 1505325729 469.446411132812 408.037292480469 2  0
id 1505325729 448.762969970703 406.914031982422 1  0
id 1505325729 436.850738525391 402.431976318359 1  2
id 1505325729 419.843200683594 407.589294433594 1  2
id 1505325730 427.029693603516 413.951599121094 1  2
id 1505325730 479.937835693359 413.005584716797 2  0
id 1505325730 499.280883789062 420.043487548828 1  0
id 1505325730 521.561218261719 411.631866455078 1  2
id 1505325730 539.154602050781 412.006286621094 1  2
id 1505325731 609.824096679688 409.723480224609 2  0
id 1505325731 631.678100585938 411.676361083984 1  0
id 1505325731 665.516845703125 407.641174316406 2  0
id 1505325731 679.114440917969 404.802917480469 1  0
id 1505325731 694.502502441406 400.961059570312 2  0
id 1505325731 711.185974121094 397.927185058594 1  0
id 1505325732 701.609130859375 405.330108642578 1  2
id 1505325732 672.068969726562 412.771179199219 2  0
id 1505325732 654.881774902344 409.187164306641 2  2
id 1505325732 592.035278320312 406.949493408203 1  0
id 1505325732 561.490234375 411.160522460938 1  2
id 1505325732 507.070129394531 405.002105712891 1  2
id 1505325732 484.933135986328 409.254180908203 1  2
id 1505325732 467.525054931641 408.712951660156 1  2
id 1505325732 455.910034179688 403.230072021484 1  2
id 1505325732 442.677062988281 402.340667724609 1  2
id 1505325732 430.369384765625 403.672424316406 2  0
id 1505325732 412.225921630859 400.247619628906 1  0
