id 1505250577 644.042297363281 615.011413574219 2  0
id 1505250577 647.719360351562 630.500305175781 1  0
id 1505250577 650.904052734375 573.193237304688 3  0
id 1505250577 649.776000976562 542.84619140625 1  0
id 1505250577 650.149353027344 523.841003417969 2  0
id 1505250577 647.091979980469 513.330139160156 1  0
id 1505250577 639.063354492188 473.525451660156 1  2
id 1505250578 639.98193359375 463.018371582031 1  2
id 1505250578 644.401794433594 437.313934326172 1  2
id 1505250578 647.767761230469 398.815795898438 1  0
id 1505250578 652.536560058594 381.026519775391 2  0
id 1505250578 644.696655273438 359.837493896484 2  2
id 1505250578 649.7294921875 350.311920166016 1  0
id 1505250578 649.640502929688 332.982635498047 1  2
id 1505250578 641.065124511719 325.557098388672 1  2
id 1505250578 644.800903320312 311.382843017578 1  2
id 1505250578 639.547912597656 296.328033447266 2  0
id 1505250578 647.798461914062 283.826995849609 1  0
id 1505250578 646.520935058594 251.406311035156 2  0
id 1505250578 648.774719238281 232.382568359375 1  0
id 1505250579 648.622375488281 207.405136108398 2  0
id 1505250579 650.596618652344 233.877304077148 2  2
id 1505250579 654.061218261719 240.485702514648 1  0
id 1505250579 652.67431640625 257.244262695312 2  0
id 1505250579 655.053283691406 267.44580078125 2  2
id 1505250579 658.246337890625 279.014221191406 1  0
id 1505250579 661.924255371094 304.63427734375 1  2
id 1505250579 654.965942382812 325.350341796875 2  0
id 1505250579 656.826171875 347.292419433594 2  2
id 1505250579 656.038024902344 367.441864013672 2  2
id 1505250580 659.382690429688 377.341247558594 2  2
id 1505250580 661.205139160156 421.705047607422 2  2
id 1505250580 655.167541503906 430.437255859375 1  0
id 1505250580 656.654663085938 446.885437011719 1  2
id 1505250580 661.291259765625 469.962036132812 1  0
id 1505250580 665.104248046875 493.289886474609 1  2
id 1505250580 663.469909667969 513.050109863281 2  0
id 1505250580 658.667785644531 528.010437011719 1  0
id 1505250580 660.941284179688 540.932189941406 1  2
id 1505250580 660.905151367188 571.39990234375 3  0
id 1505250580 658.375305175781 583.596618652344 2  0
id 1505250581 651.866455078125 584.249938964844 3  0
id 1505250581 654.312255859375 570.720458984375 1  0
id 1505250581 653.156433105469 541.711608886719 1  2
id 1505250581 655.363342285156 530.208862304688 1  2
id 1505250581 651.567687988281 514.628845214844 1  2
id 1505250581 653.653442382812 498.035278320312 1  2
id 1505250581 645.123596191406 480.711944580078 2  0
id 1505250582 649.36328125 435.383514404297 1  0
id 1505250582 649.517761230469 421.047180175781 1  2
id 1505250582 647.589904785156 388.557647705078 2  0
id 1505250582 645.927917480469 371.018707275391 2  2
id 1505250582 653.257934570312 361.796051025391 1  0
id 1505250582 646.352478027344 332.884399414062 1  2
id 1505250582 647.148254394531 312.637298583984 1  2
id 1505250582 650.116088867188 296.216644287109 1  2
id 1505250582 648.390808105469 275.425476074219 1  2
id 1505250582 649.651123046875 259.206420898438 1  2
id 1505250583 654.740661621094 218.828948974609 1  2
id 1505250583 652.52001953125 270.835021972656 1  2
id 1505250583 649.508972167969 288.110687255859 1  2
id 1505250583 651.66552734375 309.05908203125 1  2
id 1505250584 650.9765625 341.994842529297 1  2
id 1505250584 654.659240722656 367.445220947266 1  0
id 1505250584 659.83984375 385.328735351562 1  2
id 1505250584 654.839782714844 470.301940917969 1  2
id 1505250584 661.997802734375 510.446838378906 2  0
id 1505250584 662.117370605469 526.628356933594 1  0
id 1505250585 655.670532226562 561.756225585938 3  0
id 1505250585 649.731140136719 590.72216796875 3  2
id 1505250585 650.941284179688 622.24560546875 1  0
id 1505250585 649.235046386719 601.104797363281 3  0
id 1505250586 644.763977050781 582.477844238281 2  0
id 1505250586 642.521240234375 569.381530761719 3  0
id 1505250586 641.907348632812 556.868530273438 1  0
id 1505250586 642.741455078125 541.265380859375 1  2
id 1505250586 643.056091308594 526.270629882812 1  2
id 1505250586 640.565185546875 501.046478271484 1  2
id 1505250586 638.433654785156 487.784942626953 1  2
id 1505250586 642.997009277344 460.006469726562 1  2
id 1505250586 641.304260253906 442.703460693359 1  2
id 1505250587 639.813537597656 330.778839111328 1  0
id 1505250587 640.2822265625 319.221130371094 1  2
id 1505250587 642.440551757812 289.346862792969 1  2
id 1505250587 647.066223144531 274.518493652344 2  0
id 1505250587 648.094055175781 257.910064697266 1  0
id 1505250587 645.348388671875 245.853454589844 1  2
id 1505250588 654.620849609375 268.344299316406 1  2
id 1505250588 647.952270507812 290.709991455078 1  0
id 1505250588 646.519775390625 312.901489257812 1  2
id 1505250588 645.653564453125 333.977020263672 1  2
id 1505250588 641.413513183594 344.381652832031 2  0
id 1505250588 646.871826171875 365.093872070312 1  0
id 1505250588 646.651672363281 378.120513916016 1  2
id 1505250588 638.745483398438 412.55224609375 2  0
id 1505250588 643.821228027344 432.931457519531 1  0
id 1505250588 646.737854003906 443.801147460938 1  2
id 1505250588 637.049987792969 463.318420410156 2  0
id 1505250588 638.22021484375 477.864624023438 2  2
id 1505250588 649.081665039062 495.680389404297 1  0
id 1505250588 651.301635742188 518.438659667969 1  2
id 1505250588 654.534484863281 536.7744140625 1  2
id 1505250589 656.407531738281 562.984313964844 1  2
id 1505250589 650.091491699219 574.977722167969 1  2
id 1505250589 652.562866210938 589.962524414062 1  2
