id 1505246582 652.893920898438 200.161148071289 0  0
id 1505246582 653.121765136719 207.344818115234 0  0
id 1505246582 651.245239257812 245.642242431641 0  0
id 1505246583 649.926208496094 303.208435058594 0  0
id 1505246583 650.815795898438 307.595062255859 0  0
id 1505246584 654.933532714844 368.305358886719 0  0
id 1505246584 653.807434082031 381.537384033203 0  2
id 1505246584 650.282592773438 437.964996337891 0  0
id 1505246584 653.239990234375 454.134643554688 0  2
id 1505246584 646.808654785156 480.789093017578 0  0
id 1505246584 650.7978515625 484.485992431641 0  0
id 1505246584 648.39990234375 504.727844238281 1  0
id 1505246584 655.073303222656 520.098571777344 0  0
id 1505246585 648.532653808594 529.470947265625 0  2
id 1505246585 649.752868652344 539.829406738281 0  0
id 1505246585 650.931396484375 565.95556640625 0  0
id 1505246585 654.462280273438 569.684509277344 0  0
id 1505246585 649.041198730469 596.219848632812 0  0
id 1505246585 653.891967773438 583.1708984375 0  0
id 1505246586 653.127319335938 555.841674804688 0  0
id 1505246586 650.334899902344 526.438720703125 0  2
id 1505246586 654.06884765625 489.912811279297 0  0
id 1505246586 652.19580078125 458.677703857422 0  0
id 1505246586 654.640319824219 441.47998046875 0  0
id 1505246587 659.341918945312 410.547973632812 0  2
id 1505246587 653.850158691406 308.173217773438 0  0
id 1505246587 656.905822753906 284.962829589844 0  0
id 1505246588 654.782287597656 255.352233886719 1  0
id 1505246588 652.811096191406 243.104446411133 0  0
id 1505246588 652.537353515625 224.898193359375 0  2
id 1505246588 658.643310546875 215.02587890625 0  2
id 1505246588 651.227478027344 235.966903686523 0  0
id 1505246588 647.560607910156 284.636505126953 0  0
id 1505246589 641.1513671875 345.783294677734 0  0
id 1505246589 649.143737792969 368.681640625 0  0
id 1505246589 643.624816894531 380.081909179688 0  2
id 1505246589 653.491821289062 437.510589599609 0  0
id 1505246589 648.668334960938 450.965881347656 0  2
id 1505246589 649.459289550781 489.959930419922 1  0
id 1505246589 654.234252929688 510.222137451172 0  0
id 1505246589 652.427612304688 531.509887695312 0  2
id 1505246590 649.555114746094 563.996948242188 0  2
id 1505246590 648.385620117188 596.132629394531 0  0
id 1505246590 647.926879882812 594.556030273438 0  0
id 1505246590 650.998901367188 584.224975585938 0  2
id 1505246590 648.416748046875 561.9052734375 0  0
id 1505246590 652.982299804688 544.864990234375 0  2
id 1505246590 660.854553222656 523.934265136719 0  2
id 1505246590 653.943908691406 512.367431640625 0  2
id 1505246590 655.218017578125 487.550750732422 0  0
id 1505246590 656.51123046875 474.536071777344 0  2
id 1505246590 650.788452148438 458.296539306641 0  2
id 1505246590 655.402404785156 438.949005126953 0  0
id 1505246591 654.703308105469 424.786560058594 0  2
id 1505246591 651.852722167969 411.578125 0  0
id 1505246591 653.913513183594 374.974426269531 0  2
id 1505246591 653.171264648438 310.633605957031 0  0
id 1505246591 652.080871582031 301.769409179688 0  0
id 1505246591 655.935729980469 282.670318603516 1  0
id 1505246591 658.689392089844 270.629608154297 0  0
id 1505246592 654.136108398438 254.363632202148 1  0
id 1505246592 656.218505859375 233.550643920898 1  0
id 1505246592 653.942810058594 235.398483276367 1  0
id 1505246592 653.060852050781 298.763702392578 0  0
id 1505246592 650.785278320312 317.059448242188 0  2
id 1505246592 654.655639648438 351.559722900391 1  0
id 1505246592 656.252868652344 367.425750732422 0  0
id 1505246592 657.087341308594 379.074798583984 0  2
id 1505246593 659.303894042969 414.845062255859 0  2
id 1505246593 657.688049316406 426.081298828125 0  2
id 1505246593 656.690856933594 463.692687988281 0  0
id 1505246593 655.274169921875 482.577056884766 0  0
id 1505246593 654.965881347656 511.679809570312 0  0
id 1505246593 653.580993652344 543.615966796875 0  2
id 1505246593 653.154724121094 557.106689453125 0  2
id 1505246593 652.775695800781 576.77685546875 0  0
id 1505246594 653.191223144531 588.473571777344 0  0
id 1505246594 650.1533203125 596.638488769531 0  0
id 1505246594 651.569458007812 556.65087890625 0  0
id 1505246594 653.9892578125 539.909851074219 0  2
id 1505246594 652.751586914062 522.588256835938 0  2
id 1505246594 655.273620605469 438.247650146484 0  0
id 1505246595 654.2802734375 427.660339355469 0  0
id 1505246595 653.105773925781 398.560089111328 0  2
id 1505246595 653.717651367188 315.018280029297 0  0
id 1505246596 655.622253417969 268.267700195312 0  0
id 1505246596 655.214477539062 253.357955932617 0  0
id 1505246596 655.129455566406 263.401519775391 0  0
id 1505246596 651.755004882812 304.636627197266 0  0
id 1505246596 654.456481933594 354.407257080078 0  0
id 1505246596 654.396667480469 401.839538574219 0  2
id 1505246597 650.262756347656 412.506622314453 0  2
id 1505246597 649.950317382812 442.851165771484 1  0
id 1505246597 649.678344726562 510.324432373047 0  0
id 1505246597 647.926879882812 531.487915039062 0  2
id 1505246597 649.699035644531 541.768127441406 0  2
id 1505246597 647.852661132812 553.371704101562 0  2
id 1505246597 647.603210449219 563.595520019531 0  0
id 1505246597 650.085754394531 577.899475097656 0  0
id 1505246598 650.263366699219 595.973999023438 0  0
id 1505246598 649.132751464844 594.469787597656 0  0
id 1505246598 651.937561035156 535.660949707031 0  0
id 1505246598 649.286193847656 487.537445068359 0  0
id 1505246598 649.208679199219 478.3837890625 0  0
id 1505246599 654.298095703125 439.381530761719 0  0
id 1505246599 655.545654296875 421.916839599609 0  2
id 1505246599 654.642517089844 402.255249023438 0  2
id 1505246599 653.814147949219 377.918212890625 0  2
id 1505246599 654.090209960938 354.7763671875 0  0
id 1505246599 656.725891113281 309.745208740234 0  0
id 1505246599 652.700805664062 291.548706054688 0  0
id 1505246599 656.889099121094 251.037750244141 0  0
id 1505246600 654.962768554688 235.011047363281 1  0
id 1505246600 652.302490234375 248.045074462891 0  0
id 1505246600 650.466979980469 282.274353027344 1  0
id 1505246600 651.8349609375 300.396545410156 0  0
id 1505246601 656.336730957031 350.508361816406 0  0
id 1505246601 657.402160644531 367.387756347656 0  0
id 1505246601 652.059936523438 378.583312988281 0  2
id 1505246601 660.870422363281 474.823577880859 1  0
id 1505246601 654.32275390625 499.633270263672 0  0
id 1505246601 655.068542480469 514.445556640625 0  0
id 1505246601 654.838562011719 548.482238769531 0  0
id 1505246602 652.730773925781 574.903198242188 0  0
id 1505246602 652.360046386719 581.243347167969 0  0
id 1505246602 652.983093261719 563.517944335938 0  0
id 1505246602 657.262817382812 526.516296386719 0  0
id 1505246602 655.526794433594 483.628845214844 0  0
id 1505246603 659.817199707031 406.043884277344 0  0
id 1505246603 652.927429199219 308.950622558594 0  0
id 1505246603 661.101318359375 270.445190429688 1  0
id 1505246603 654.611755371094 257.787933349609 0  0
id 1505246604 662.622863769531 246.098770141602 0  2
id 1505246604 656.635070800781 233.066207885742 1  0
id 1505246604 651.920654296875 262.781921386719 0  0
id 1505246604 653.298461914062 281.695129394531 0  0
id 1505246604 651.409057617188 295.425476074219 0  2
id 1505246604 648.701049804688 306.765777587891 0  2
id 1505246604 651.57373046875 315.2548828125 0  0
id 1505246604 650.853881835938 353.443145751953 1  0
id 1505246604 649.17919921875 365.152038574219 1  2
id 1505246605 654.203430175781 382.240509033203 1  2
id 1505246605 659.818603515625 412.375396728516 0  0
id 1505246605 657.571899414062 434.120086669922 1  0
id 1505246605 660.366638183594 465.103240966797 1  0
id 1505246605 657.01318359375 477.666809082031 1  2
id 1505246605 658.807006835938 499.715454101562 1  0
id 1505246605 658.372680664062 516.222595214844 0  0
id 1505246605 660.277282714844 528.328979492188 0  2
id 1505246605 652.440368652344 560.325805664062 0  0
id 1505246605 654.108093261719 575.228820800781 0  0
id 1505246606 651.154235839844 586.400695800781 1  0
