id 1505325140 629.809204101562 193.158340454102 1  0
id 1505325141 645.211853027344 195.618774414062 1  2
id 1505325141 657.731872558594 247.737014770508 1  2
id 1505325141 658.5009765625 258.095062255859 1  2
id 1505325142 649.767944335938 275.777770996094 1  0
id 1505325142 648.947387695312 285.742645263672 1  0
id 1505325142 647.329345703125 296.639587402344 1  2
id 1505325142 645.163208007812 314.188079833984 1  2
id 1505325142 644.483642578125 370.624298095703 1  0
id 1505325142 645.746276855469 394.747375488281 1  2
id 1505325143 641.442993164062 416.338623046875 1  0
id 1505325143 656.791198730469 478.384979248047 1  0
id 1505325143 641.473327636719 503.813690185547 1  2
id 1505325143 641.71142578125 514.112182617188 1  2
id 1505325144 654.954772949219 538.151733398438 1  2
id 1505325144 646.074645996094 573.299255371094 1  0
id 1505325145 657.293823242188 598.0625 1  2
id 1505325145 653.62451171875 586.061401367188 1  2
id 1505325145 660.734008789062 562.237731933594 1  2
id 1505325145 655.903930664062 503.969635009766 2  0
id 1505325145 655.579406738281 490.183258056641 1  0
id 1505325145 641.003479003906 480.954254150391 1  2
id 1505325145 635.245788574219 449.949432373047 1  0
id 1505325145 652.619140625 431.377899169922 1  2
id 1505325145 649.290710449219 414.531463623047 1  2
id 1505325146 655.774169921875 305.387817382812 1  2
id 1505325146 657.303283691406 297.970550537109 1  2
id 1505325146 652.320007324219 277.495025634766 1  0
id 1505325146 649.058471679688 242.842971801758 1  0
id 1505325146 646.055908203125 211.675155639648 1  2
id 1505325147 656.437866210938 193.026870727539 1  0
id 1505325147 650.51318359375 197.119705200195 1  0
id 1505325147 642.68017578125 222.163711547852 1  0
id 1505325147 644.848937988281 232.752731323242 1  2
id 1505325147 646.836181640625 287.640167236328 1  2
id 1505325147 645.562255859375 298.511383056641 1  2
id 1505325147 662.205383300781 314.987640380859 1  2
id 1505325147 641.101501464844 341.283081054688 1  2
id 1505325148 643.083068847656 358.714172363281 1  2
id 1505325148 640.532470703125 389.909759521484 1  2
id 1505325148 639.767761230469 407.745574951172 1  2
id 1505325148 639.320861816406 411.091583251953 1  2
id 1505325148 642.654235839844 484.500854492188 1  2
id 1505325148 645.984008789062 501.381927490234 1  2
id 1505325149 642.615905761719 573.553283691406 1  2
id 1505325149 648.434814453125 586.442016601562 1  2
id 1505325149 636.736389160156 573.985107421875 1  2
id 1505325150 641.632080078125 543.684143066406 1  2
id 1505325150 642.456481933594 533.648498535156 1  2
id 1505325150 653.540405273438 519.009582519531 1  0
id 1505325150 653.21630859375 505.217559814453 1  2
id 1505325150 656.270629882812 452.574127197266 1  2
id 1505325150 660.673706054688 427.636383056641 1  0
id 1505325150 643.5888671875 407.808410644531 1  0
id 1505325150 651.404724121094 361.048553466797 1  0
id 1505325151 655.630493164062 256.75048828125 1  0
id 1505325151 652.301452636719 211.891708374023 1  0
id 1505325151 649.305358886719 208.826293945312 1  0
id 1505325151 646.125366210938 240.636734008789 1  2
id 1505325151 647.595947265625 260.486236572266 1  2
id 1505325151 649.577026367188 277.876800537109 1  2
id 1505325152 644.668640136719 295.798065185547 1  2
id 1505325152 644.799865722656 316.302185058594 1  2
id 1505325152 642.124816894531 355.130126953125 1  2
id 1505325152 646.150817871094 372.066711425781 1  2
id 1505325152 641.937927246094 390.152984619141 1  2
id 1505325152 642.705993652344 400.552642822266 1  2
id 1505325152 642.836853027344 421.117736816406 1  0
id 1505325152 644.117919921875 438.468048095703 1  2
id 1505325152 638.302001953125 453.736755371094 1  0
id 1505325152 641.88525390625 474.075775146484 1  2
id 1505325152 641.759582519531 491.207458496094 1  2
id 1505325152 641.763305664062 519.529846191406 1  2
id 1505325152 645.285217285156 529.590637207031 1  2
id 1505325152 648.617858886719 546.495178222656 1  2
id 1505325153 649.39111328125 566.399291992188 1  0
id 1505325153 659.620788574219 582.467102050781 1  2
id 1505325153 677.850219726562 546.793151855469 1  2
id 1505325153 659.284545898438 523.833435058594 1  2
id 1505325154 649.242309570312 479.644073486328 1  0
id 1505325154 648.170166015625 462.780303955078 1  2
id 1505325154 647.566284179688 449.905029296875 1  2
id 1505325154 644.03125 416.145233154297 1  2
id 1505325154 643.460815429688 406.074523925781 1  2
id 1505325154 657.419677734375 374.356323242188 1  2
id 1505325154 639.679565429688 357.229064941406 1  2
id 1505325154 638.742065429688 297.636962890625 1  2
id 1505325154 642.660034179688 259.298736572266 1  2
id 1505325155 637.314758300781 229.163635253906 1  2
id 1505325155 639.282409667969 211.325576782227 1  0
id 1505325155 645.540771484375 251.441497802734 1  2
id 1505325155 659.047058105469 251.4560546875 1  2
id 1505325155 645.612609863281 294.510040283203 1  0
id 1505325155 647.981323242188 331.194763183594 0  0
id 1505325155 642.0205078125 339.647796630859 1  0
id 1505325155 643.299926757812 356.956848144531 1  2
id 1505325155 644.534851074219 371.317169189453 1  2
id 1505325155 646.237243652344 389.656524658203 0  0
id 1505325155 646.960815429688 397.096496582031 1  0
id 1505325155 651.5283203125 416.631469726562 0  0
id 1505325156 652.252624511719 424.077728271484 0  2
id 1505325156 653.58203125 444.394836425781 0  2
id 1505325156 651.1103515625 455.577026367188 1  0
id 1505325156 653.330688476562 480.913269042969 0  0
id 1505325156 653.987487792969 536.822937011719 1  0
id 1505325157 644.814270019531 582.151611328125 1  0
id 1505325157 650.77001953125 573.3046875 0  0
id 1505325157 649.741638183594 559.368347167969 0  2
id 1505325157 651.788391113281 549.412658691406 0  2
id 1505325157 650.437744140625 526.411010742188 0  0
id 1505325157 645.625427246094 465.938293457031 0  0
id 1505325157 648.492004394531 415.463134765625 0  0
id 1505325157 647.018859863281 400.229827880859 0  2
id 1505325157 648.360168457031 369.114013671875 0  2
id 1505325157 651.29638671875 361.927368164062 0  2
id 1505325157 646.612182617188 347.829620361328 1  0
id 1505325157 642.652709960938 341.166229248047 0  0
id 1505325157 643.375549316406 308.759185791016 1  0
id 1505325158 646.007080078125 255.398574829102 1  0
id 1505325158 648.72802734375 247.727615356445 1  2
id 1505325158 642.51953125 212.985473632812 1  0
id 1505325158 637.378845214844 234.709732055664 1  2
id 1505325158 639.2197265625 355.696807861328 0  0
id 1505325158 637.426696777344 371.328369140625 1  0
id 1505325158 639.683959960938 399.558654785156 1  2
id 1505325158 641.053955078125 422.820556640625 1  2
id 1505325158 639.048645019531 437.973419189453 0  0
id 1505325158 643.96875 464.664337158203 1  0
id 1505325158 644.732604980469 517.386596679688 1  0
id 1505325159 642.846008300781 527.146423339844 0  0
id 1505325159 637.259826660156 548.031860351562 0  2
