id 1505325772 647.959289550781 202.34147644043 0  0
id 1505325772 648.456787109375 204.38362121582 0  2
id 1505325773 642.838745117188 217.295959472656 0  2
id 1505325773 642.14892578125 252.393783569336 0  2
id 1505325773 635.509826660156 345.358673095703 0  0
id 1505325773 641.681945800781 386.687164306641 0  0
id 1505325773 639.607177734375 398.5185546875 0  2
id 1505325773 641.047790527344 425.088623046875 0  2
id 1505325773 648.571228027344 482.314697265625 0  0
id 1505325773 647.201232910156 508.460266113281 0  2
id 1505325773 642.335021972656 534.357421875 0  2
id 1505325773 644.299072265625 565.722778320312 0  0
id 1505325774 645.890625 582.598266601562 0  2
id 1505325774 649.550109863281 535.575134277344 0  0
id 1505325774 651.465148925781 514.4404296875 0  2
id 1505325774 652.776611328125 489.866668701172 0  2
id 1505325774 652.262756347656 482.914520263672 0  2
id 1505325774 649.778076171875 446.947296142578 0  2
id 1505325774 651.978698730469 427.412841796875 0  0
id 1505325774 654.403625488281 413.277404785156 0  2
id 1505325774 650.758605957031 406.226104736328 0  2
id 1505325774 658.674621582031 381.928283691406 0  2
id 1505325775 659.662231445312 341.451477050781 0  0
id 1505325775 645.670837402344 332.760772705078 0  2
id 1505325775 655.206298828125 325.778656005859 0  2
id 1505325775 651.521423339844 320.490386962891 0  2
id 1505325775 650.240478515625 303.198425292969 0  2
id 1505325775 646.638610839844 256.913055419922 0  2
id 1505325775 650.343811035156 257.846771240234 0  2
id 1505325775 644.842041015625 230.324493408203 0  2
id 1505325775 643.060485839844 208.609832763672 0  2
id 1505325775 648.166564941406 188.807693481445 0  2
id 1505325776 645.09765625 233.774658203125 0  2
id 1505325776 647.143249511719 261.388763427734 0  2
id 1505325776 644.466735839844 272.011260986328 0  2
id 1505325776 645.233947753906 282.375396728516 0  2
id 1505325776 642.556396484375 293.003570556641 0  2
id 1505325776 642.735595703125 339.941864013672 0  2
id 1505325776 650.007751464844 393.731018066406 0  0
id 1505325776 668.206420898438 402.82861328125 4  0
id 1505325776 651.546875 414.537231445312 0  0
id 1505325776 645.94482421875 430.305480957031 0  2
id 1505325776 646.970458984375 444.189117431641 0  2
id 1505325776 641.896850585938 464.818328857422 0  0
id 1505325776 643.679260253906 493.686737060547 0  2
id 1505325776 644.705322265625 507.595733642578 0  2
id 1505325776 642.307312011719 519.839477539062 0  2
id 1505325777 642.391540527344 572.869018554688 0  2
id 1505325777 643.976745605469 592.026550292969 0  2
id 1505325777 648.325622558594 556.670837402344 0  0
id 1505325777 647.767272949219 551.459411621094 0  2
id 1505325777 645.443481445312 519.957580566406 0  2
id 1505325777 649.426330566406 526.835571289062 0  2
id 1505325777 655.311401367188 512.407165527344 0  2
id 1505325777 652.696838378906 479.387725830078 0  2
id 1505325778 648.535400390625 465.372741699219 0  2
id 1505325778 650.9306640625 453.146148681641 0  2
id 1505325778 652.811706542969 433.980895996094 0  2
id 1505325778 652.072998046875 421.649047851562 0  2
id 1505325778 657.917785644531 409.178131103516 0  2
id 1505325778 657.115905761719 400.694396972656 0  2
id 1505325778 656.151184082031 382.988739013672 0  2
id 1505325778 658.542785644531 370.788024902344 0  2
id 1505325778 645.689575195312 330.671722412109 0  2
id 1505325778 654.931396484375 324.407745361328 0  2
id 1505325778 650.240478515625 303.198425292969 0  0
id 1505325778 653.192443847656 293.936248779297 0  2
id 1505325778 654.550476074219 270.204010009766 0  2
id 1505325778 653.525756835938 256.389617919922 0  2
id 1505325778 653.507263183594 258.474517822266 0  2
id 1505325778 646.756958007812 211.794967651367 0  2
id 1505325779 647.761962890625 232.357299804688 0  2
id 1505325779 645.597961425781 249.875045776367 0  2
id 1505325779 649.791259765625 266.744384765625 0  2
id 1505325779 639.523315429688 263.703857421875 0  2
id 1505325779 644.278381347656 327.994689941406 0  0
id 1505325779 639.449401855469 354.11279296875 0  0
id 1505325779 640.19775390625 366.592346191406 0  2
id 1505325779 640.728393554688 371.4287109375 0  2
id 1505325779 642.008056640625 388.753601074219 0  2
id 1505325779 639.818908691406 408.439056396484 0  2
id 1505325779 644.019165039062 420.680603027344 0  2
id 1505325779 640.44482421875 461.608428955078 0  0
id 1505325779 636.499206542969 457.536926269531 0  2
id 1505325779 639.201416015625 498.912384033203 0  0
id 1505325779 636.290771484375 504.197235107422 0  2
id 1505325780 637.571594238281 521.588500976562 0  2
id 1505325780 638.340454101562 532.027587890625 0  2
id 1505325780 638.620361328125 585.409484863281 0  0
id 1505325780 638.876892089844 588.895324707031 0  2
id 1505325780 641.521423339844 579.940307617188 0  2
id 1505325780 644.933532714844 531.89111328125 0  0
id 1505325780 647.394836425781 515.790588378906 0  2
id 1505325780 652.765197753906 494.411865234375 0  2
id 1505325780 651.768981933594 478.582977294922 0  2
id 1505325780 668.931579589844 445.346496582031 4  0
id 1505325780 651.911376953125 438.236206054688 0  0
id 1505325781 656.742736816406 412.05615234375 0  0
id 1505325781 655.75244140625 393.998016357422 0  2
id 1505325781 657.881896972656 380.593688964844 0  2
id 1505325781 656.854858398438 366.734375 0  2
id 1505325781 656.084838867188 356.343627929688 0  2
id 1505325781 653.333435058594 274.812438964844 0  0
id 1505325781 652.557983398438 262.019348144531 0  2
id 1505325781 651.526733398438 245.779052734375 0  2
id 1505325781 653.682373046875 225.83430480957 0  2
id 1505325781 652.153625488281 207.568389892578 1  0
id 1505325782 648.712463378906 207.831283569336 0  0
id 1505325782 649.486694335938 220.603897094727 0  2
id 1505325782 646.805053710938 228.787124633789 0  2
id 1505325782 645.919311523438 263.565368652344 0  0
id 1505325782 645.205017089844 298.364532470703 0  0
id 1505325782 646.032897949219 356.403106689453 0  0
id 1505325782 649.718811035156 361.69775390625 0  2
id 1505325782 651.495056152344 388.042633056641 0  2
id 1505325782 649.382995605469 399.355590820312 0  2
id 1505325782 652.335021972656 443.964111328125 0  0
id 1505325782 653.362243652344 457.854095458984 0  2
id 1505325782 652.571044921875 487.085693359375 0  0
id 1505325782 654.276000976562 517.2060546875 0  2
id 1505325782 652.136047363281 532.934448242188 0  2
id 1505325783 647.970092773438 570.707580566406 0  0
id 1505325783 641.963195800781 578.856689453125 0  0
id 1505325783 642.053405761719 535.253051757812 0  0
id 1505325784 646.032165527344 452.637756347656 0  0
id 1505325784 644.475219726562 433.904541015625 0  2
id 1505325784 646.626342773438 418.392913818359 0  2
id 1505325784 643.000366210938 275.596252441406 0  0
id 1505325784 644.426025390625 257.428436279297 0  2
id 1505325784 643.383422851562 236.334228515625 0  2
id 1505325784 642.617004394531 225.984191894531 1  0
id 1505325784 644.378112792969 200.708633422852 0  0
id 1505325784 645.271484375 208.094161987305 1  0
id 1505325784 641.824035644531 205.9306640625 0  0
