id 1505325772 654.504272460938 204.268173217773 0  0
id 1505325772 663.731628417969 214.500610351562 0  2
id 1505325773 656.48291015625 238.806976318359 0  2
id 1505325773 654.308410644531 261.104949951172 0  2
id 1505325773 652.14208984375 356.17578125 0  0
id 1505325773 655.539123535156 391.704528808594 0  0
id 1505325773 652.662780761719 402.928833007812 0  2
id 1505325773 652.164245605469 427.573425292969 0  2
id 1505325773 662.942260742188 498.330474853516 0  0
id 1505325773 666.864807128906 526.831481933594 0  2
id 1505325773 661.346374511719 539.955871582031 0  2
id 1505325773 659.755981445312 581.606018066406 0  0
id 1505325774 661.720336914062 580.867248535156 0  2
id 1505325774 663.815856933594 549.557006835938 0  0
id 1505325774 668.38330078125 516.938354492188 0  2
id 1505325774 667.194946289062 497.927368164062 0  2
id 1505325774 663.25146484375 484.7880859375 0  2
id 1505325774 663.849365234375 456.7919921875 0  2
id 1505325774 663.427185058594 436.679718017578 0  0
id 1505325774 664.929931640625 422.608032226562 0  2
id 1505325774 668.489685058594 406.643798828125 0  2
id 1505325774 669.221252441406 378.027587890625 0  2
id 1505325775 674.725891113281 355.141021728516 0  0
id 1505325775 660.409851074219 340.944641113281 0  2
id 1505325775 669.605834960938 329.042236328125 0  2
id 1505325775 666.37890625 316.954071044922 0  2
id 1505325775 664.815673828125 298.660003662109 0  2
id 1505325775 660.823181152344 287.294952392578 0  2
id 1505325775 662.388549804688 266.907318115234 0  2
id 1505325775 658.489990234375 257.169860839844 0  2
id 1505325775 658.0537109375 230.755126953125 0  2
id 1505325775 660.222412109375 210.023468017578 0  2
id 1505325776 659.867370605469 252.750930786133 0  2
id 1505325776 664.12109375 273.486389160156 0  2
id 1505325776 658.740661621094 289.990570068359 0  2
id 1505325776 660.972351074219 302.868255615234 0  2
id 1505325776 657.321899414062 322.323028564453 0  2
id 1505325776 657.783569335938 340.498901367188 0  2
id 1505325776 664.588012695312 387.976501464844 0  0
id 1505325776 659.960266113281 401.614837646484 4  0
id 1505325776 663.793518066406 418.207061767578 0  0
id 1505325776 659.227233886719 434.665924072266 0  2
id 1505325776 663.616943359375 452.626159667969 0  2
id 1505325776 663.434753417969 476.4404296875 0  0
id 1505325776 656.996459960938 490.552642822266 0  2
id 1505325776 656.799072265625 501.305694580078 0  2
id 1505325776 656.919189453125 524.751586914062 0  2
id 1505325777 656.716979980469 572.984741210938 0  2
id 1505325777 657.630920410156 595.975341796875 0  2
id 1505325777 658.733520507812 564.411499023438 0  0
id 1505325777 660.761474609375 550.852966308594 0  2
id 1505325777 660.80517578125 539.275085449219 0  2
id 1505325777 662.366638183594 526.834777832031 0  2
id 1505325777 665.84423828125 510.316680908203 0  2
id 1505325777 668.332153320312 497.914764404297 0  2
id 1505325778 669.425842285156 476.9814453125 0  2
id 1505325778 666.090515136719 465.914611816406 0  2
id 1505325778 666.327575683594 439.37255859375 0  2
id 1505325778 662.620971679688 425.804473876953 0  2
id 1505325778 668.921691894531 411.638305664062 0  2
id 1505325778 666.459594726562 397.330200195312 0  2
id 1505325778 669.282592773438 382.637054443359 0  2
id 1505325778 672.342956542969 369.751953125 0  2
id 1505325778 664.642761230469 342.285583496094 0  2
id 1505325778 670.049865722656 328.138732910156 0  2
id 1505325778 665.859130859375 305.842529296875 0  0
id 1505325778 668.852783203125 293.130065917969 0  2
id 1505325778 667.392028808594 278.049438476562 0  2
id 1505325778 669.364196777344 267.535705566406 0  2
id 1505325778 662.324768066406 250.512344360352 0  2
id 1505325778 659.619812011719 237.411178588867 0  2
id 1505325779 661.820739746094 239.846725463867 0  2
id 1505325779 653.580627441406 257.129547119141 0  2
id 1505325779 659.212768554688 271.988037109375 0  2
id 1505325779 654.906555175781 286.681243896484 0  2
id 1505325779 652.240417480469 322.136840820312 0  0
id 1505325779 647.771667480469 348.802612304688 0  0
id 1505325779 648.371948242188 364.585113525391 0  2
id 1505325779 650.663269042969 379.687683105469 0  2
id 1505325779 651.629943847656 392.75146484375 0  2
id 1505325779 650.338928222656 407.253814697266 0  2
id 1505325779 653.713806152344 424.518798828125 0  2
id 1505325779 652.231079101562 453.514953613281 0  0
id 1505325779 649.735412597656 468.689331054688 0  2
id 1505325779 646.916931152344 495.194702148438 0  0
id 1505325779 648.541381835938 513.580383300781 0  2
id 1505325780 651.77783203125 527.411865234375 0  2
id 1505325780 648.233276367188 544.422973632812 0  2
id 1505325780 653.057373046875 582.306030273438 0  0
id 1505325780 646.898681640625 593.915649414062 0  2
id 1505325780 651.094177246094 580.055358886719 0  2
id 1505325780 657.81591796875 540.799499511719 0  0
id 1505325780 658.010437011719 527.757202148438 0  2
id 1505325780 660.208068847656 499.804473876953 0  2
id 1505325780 662.987976074219 474.692779541016 0  2
id 1505325780 661.955383300781 459.776306152344 4  0
id 1505325780 662.490478515625 439.658477783203 0  0
id 1505325781 668.11474609375 406.269409179688 0  0
id 1505325781 664.431030273438 394.045288085938 0  2
id 1505325781 666.519836425781 378.551910400391 0  2
id 1505325781 663.919006347656 363.765411376953 0  2
id 1505325781 665.397338867188 348.425628662109 0  2
id 1505325781 665.890930175781 292.27978515625 0  0
id 1505325781 665.432678222656 276.790252685547 0  2
id 1505325781 662.601623535156 258.676483154297 0  2
id 1505325781 661.671142578125 237.83349609375 0  2
id 1505325781 662.140625 216.97900390625 1  0
id 1505325782 659.087280273438 218.03791809082 0  0
id 1505325782 662.061706542969 231.441131591797 0  2
id 1505325782 659.119140625 243.620010375977 0  2
id 1505325782 655.853332519531 287.768035888672 0  0
id 1505325782 656.387878417969 303.733215332031 0  0
id 1505325782 653.917724609375 351.578186035156 0  0
id 1505325782 655.638732910156 365.034301757812 0  2
id 1505325782 660.05078125 395.387542724609 0  2
id 1505325782 660.397521972656 408.295166015625 0  2
id 1505325782 660.067077636719 435.068664550781 0  0
id 1505325782 660.944152832031 453.157562255859 0  2
id 1505325782 660.108093261719 499.062561035156 0  0
id 1505325782 663.7568359375 531.027282714844 0  2
id 1505325782 660.676025390625 543.91015625 0  2
id 1505325783 655.052673339844 571.142761230469 0  0
id 1505325783 650.590209960938 596.800415039062 0  0
id 1505325783 653.355041503906 541.595031738281 0  0
id 1505325784 656.582214355469 466.171966552734 0  0
id 1505325784 654.398132324219 436.654632568359 0  2
id 1505325784 657.648498535156 410.748413085938 0  2
id 1505325784 653.85302734375 284.154632568359 0  0
id 1505325784 653.202270507812 260.518127441406 0  2
id 1505325784 655.052917480469 245.857894897461 0  2
id 1505325784 655.780517578125 228.449905395508 1  0
id 1505325784 653.563110351562 217.411209106445 0  0
id 1505325784 656.803833007812 207.270904541016 1  0
id 1505325784 647.250793457031 202.896484375 0  0
