id 1505333449 409.326477050781 409.861145019531 1  0
id 1505333450 453.692291259766 402.001586914062 1  2
id 1505333450 471.786224365234 399.214691162109 1  0
id 1505333450 494.277526855469 398.988494873047 1  2
id 1505333450 525.450256347656 399.838714599609 1  2
id 1505333450 536.591430664062 401.216949462891 1  2
id 1505333451 558.037902832031 401.364562988281 1  2
id 1505333451 569.820556640625 395.361358642578 1  2
id 1505333451 597.778747558594 396.872100830078 1  2
id 1505333451 621.247924804688 401.008178710938 1  0
id 1505333451 632.672119140625 398.556884765625 1  0
id 1505333451 651.655944824219 399.500030517578 1  2
id 1505333451 685.304504394531 397.890106201172 1  0
id 1505333451 695.044555664062 396.433319091797 1  0
id 1505333452 704.60791015625 396.434722900391 2  0
id 1505333452 689.014526367188 403.485168457031 2  0
id 1505333452 671.610107421875 413.083679199219 1  0
id 1505333452 656.751037597656 407.758544921875 1  2
id 1505333452 624.591064453125 414.671112060547 1  2
id 1505333452 607.437194824219 410.806610107422 1  2
id 1505333452 558.964416503906 414.711700439453 2  0
id 1505333452 544.683044433594 413.756011962891 1  0
id 1505333452 508.393249511719 414.224029541016 1  2
id 1505333452 490.701446533203 419.404052734375 1  2
id 1505333452 475.459411621094 415.452819824219 1  2
id 1505333452 441.227630615234 416.541961669922 1  2
id 1505333452 420.184906005859 415.863708496094 1  2
id 1505333452 399.868530273438 408.823822021484 2  0
id 1505333453 398.873016357422 408.317077636719 2  0
id 1505333453 403.808563232422 408.859710693359 1  0
id 1505333453 415.174407958984 410.206634521484 1  2
id 1505333453 431.780883789062 410.684478759766 1  2
id 1505333453 447.12841796875 410.436096191406 1  2
id 1505333453 458.658966064453 409.207580566406 1  2
id 1505333453 490.6806640625 407.113128662109 1  0
id 1505333453 519.263366699219 410.714447021484 1  2
id 1505333453 538.009460449219 408.717529296875 1  2
id 1505333453 552.231323242188 407.658874511719 1  2
id 1505333453 585.840026855469 407.372375488281 1  2
id 1505333453 613.539245605469 407.145690917969 2  0
id 1505333453 686.409118652344 399.636566162109 1  0
id 1505333454 681.662841796875 403.31884765625 1  0
id 1505333454 663.566589355469 397.659088134766 1  2
id 1505333454 640.090698242188 398.482482910156 1  2
id 1505333454 588.144775390625 400.838317871094 1  0
id 1505333454 571.822875976562 400.242767333984 1  2
id 1505333454 544.27783203125 401.375946044922 2  0
id 1505333454 527.452453613281 398.712371826172 1  0
id 1505333454 516.719177246094 397.317260742188 1  2
id 1505333454 500.175994873047 398.587585449219 1  2
id 1505333454 480.271179199219 397.910797119141 1  2
id 1505333454 465.443878173828 398.738708496094 1  2
id 1505333454 439.120330810547 397.907135009766 2  0
id 1505333454 439.463256835938 401.806884765625 1  0
id 1505333454 454.948059082031 404.019256591797 1  2
id 1505333454 492.182739257812 411.948913574219 1  2
id 1505333454 512.442138671875 414.176208496094 1  2
id 1505333455 534.545837402344 416.763916015625 1  2
id 1505333455 589.196044921875 420.631286621094 2  0
id 1505333455 609.134094238281 418.791290283203 2  2
id 1505333455 658.376708984375 417.126922607422 1  0
id 1505333455 675.970642089844 410.116790771484 1  2
id 1505333455 687.740905761719 405.243865966797 2  0
id 1505333455 689.684448242188 403.040679931641 1  0
id 1505333455 675.039001464844 410.981414794922 1  0
id 1505333455 644.374328613281 412.327117919922 2  0
id 1505333455 579.984130859375 416.302398681641 2  2
id 1505333455 555.666931152344 412.298034667969 1  0
id 1505333455 532.585815429688 407.319549560547 2  0
id 1505333455 484.162078857422 407.727508544922 1  0
id 1505333455 461.344940185547 408.984832763672 1  2
id 1505333455 423.740509033203 407.138366699219 2  0
id 1505333455 407.112487792969 406.101409912109 1  0
id 1505333456 433.367156982422 411.822235107422 1  0
id 1505333456 454.247741699219 410.355865478516 1  2
id 1505333456 508.759521484375 406.370239257812 1  2
id 1505333456 542.599243164062 406.026550292969 1  2
id 1505333456 625.268737792969 411.9580078125 1  0
id 1505333456 648.770080566406 406.349456787109 1  2
id 1505333456 684.228332519531 399.159759521484 2  0
id 1505333456 687.125305175781 401.42578125 2  0
id 1505333456 668.733093261719 408.0595703125 1  0
id 1505333456 642.892944335938 404.593780517578 2  0
id 1505333456 609.122619628906 401.714324951172 2  2
id 1505333456 575.414855957031 404.754119873047 2  2
id 1505333456 511.658050537109 404.660797119141 2  2
id 1505333456 477.785888671875 410.615081787109 1  0
id 1505333456 433.328063964844 406.166320800781 1  2
id 1505333456 420.367126464844 401.466278076172 1  2
id 1505333457 447.429504394531 410.605438232422 1  2
id 1505333457 480.961883544922 411.059448242188 1  2
id 1505333457 510.509796142578 413.210113525391 1  2
id 1505333457 549.122131347656 413.548858642578 2  0
id 1505333457 579.693603515625 415.781585693359 1  0
id 1505333457 649.627563476562 410.529083251953 1  2
id 1505333457 692.579895019531 403.009033203125 2  0
id 1505333457 671.107116699219 413.275909423828 1  0
id 1505333457 629.61376953125 416.849945068359 2  0
id 1505333457 594.337829589844 419.621307373047 1  0
id 1505333457 552.259704589844 410.429138183594 1  2
id 1505333457 519.354553222656 405.840789794922 1  2
id 1505333457 452.888244628906 412.901031494141 1  2
id 1505333457 424.996032714844 412.634521484375 1  2
id 1505333457 405.7431640625 402.443817138672 1  2
id 1505333457 428.940002441406 410.420715332031 2  0
id 1505333457 447.999816894531 415.208343505859 1  0
id 1505333457 477.011535644531 420.480712890625 1  2
id 1505333458 509.375396728516 419.431732177734 1  2
id 1505333458 619.134216308594 420.14306640625 1  0
id 1505333458 662.002563476562 416.98388671875 1  2
id 1505333458 699.483520507812 412.302093505859 1  0
id 1505333458 651.652404785156 411.935852050781 1  0
id 1505333458 610.192810058594 412.617370605469 1  2
id 1505333458 533.047058105469 415.471740722656 1  2
id 1505333458 498.097137451172 403.328704833984 1  2
id 1505333458 467.969390869141 410.16552734375 1  2
id 1505333458 434.070587158203 407.38671875 1  2
id 1505333458 410.891052246094 411.740905761719 1  2
id 1505333458 419.142028808594 408.725463867188 1  2
id 1505333458 439.935882568359 412.869506835938 1  2
id 1505333458 463.235382080078 411.232116699219 1  2
id 1505333458 536.004272460938 410.506195068359 1  2
id 1505333458 566.381469726562 414.97802734375 1  2
id 1505333458 611.426086425781 411.272399902344 1  2
id 1505333459 670.475158691406 408.800842285156 2  0
id 1505333459 688.201232910156 406.667083740234 2  0
id 1505333459 656.087158203125 410.752777099609 1  0
id 1505333459 620.711791992188 407.436309814453 2  0
id 1505333459 580.760009765625 410.483123779297 2  2
id 1505333459 533.783813476562 400.975708007812 2  2
id 1505333459 500.123077392578 403.319458007812 1  0
id 1505333459 468.087219238281 406.112640380859 2  0
id 1505333459 443.497131347656 408.152221679688 1  0
id 1505333459 429.376617431641 407.0498046875 1  2
id 1505333459 383.250579833984 409.612976074219 1  0
id 1505333459 401.573913574219 403.799713134766 1  0
id 1505333459 438.060668945312 408.603149414062 1  0
id 1505333459 460.672210693359 408.05419921875 1  2
id 1505333460 516.422241210938 409.062469482422 1  2
id 1505333460 577.899719238281 410.769439697266 2  0
id 1505333460 618.089172363281 413.396636962891 1  0
id 1505333460 647.426574707031 411.033599853516 1  2
id 1505333460 664.333618164062 409.014709472656 1  2
