id 1505338103 637.510986328125 211.746932983398 1  0
id 1505338103 648.819274902344 287.606109619141 1  2
id 1505338103 649.678588867188 298.078033447266 1  2
id 1505338104 645.594116210938 329.720336914062 2  0
id 1505338104 653.407531738281 343.521057128906 1  0
id 1505338104 653.661193847656 350.900268554688 1  2
id 1505338104 639.048950195312 376.600494384766 2  0
id 1505338104 640.193725585938 390.625762939453 1  0
id 1505338104 645.125305175781 407.886993408203 1  2
id 1505338104 648.072082519531 418.075897216797 1  2
id 1505338104 643.919982910156 436.277130126953 1  2
id 1505338104 647.827758789062 449.590240478516 1  2
id 1505338104 647.392578125 470.176452636719 1  2
id 1505338104 654.884155273438 510.026397705078 1  2
id 1505338104 659.643859863281 516.393310546875 1  2
id 1505338104 659.765502929688 526.513854980469 1  2
id 1505338105 640.132995605469 571.867736816406 1  2
id 1505338106 658.393005371094 509.743469238281 1  2
id 1505338106 652.385192871094 496.733734130859 1  2
id 1505338106 649.888061523438 483.450469970703 1  2
id 1505338106 645.016662597656 467.001129150391 1  2
id 1505338106 624.023620605469 451.695953369141 1  2
id 1505338106 642.199096679688 415.194091796875 1  2
id 1505338106 641.723999023438 400.743530273438 1  2
id 1505338106 637.350158691406 373.034545898438 1  2
id 1505338106 633.838806152344 355.866577148438 1  2
id 1505338106 654.453247070312 332.692932128906 1  2
id 1505338106 658.416137695312 314.593841552734 1  2
id 1505338106 655.781494140625 288.967315673828 1  2
id 1505338106 654.633911132812 275.011688232422 1  2
id 1505338106 655.710754394531 260.356903076172 1  2
id 1505338106 659.61669921875 248.109451293945 1  2
id 1505338107 645.566528320312 241.552947998047 1  2
id 1505338107 643.717102050781 287.497772216797 1  0
id 1505338107 643.450744628906 301.400665283203 2  0
id 1505338107 635.088073730469 330.227478027344 1  0
id 1505338107 644.420227050781 347.602294921875 1  2
id 1505338107 640.4638671875 385.308166503906 2  0
id 1505338107 638.166381835938 411.103271484375 1  0
id 1505338107 638.576599121094 429.103363037109 1  2
id 1505338107 640.433349609375 456.210479736328 1  2
id 1505338107 645.602722167969 465.536010742188 2  0
id 1505338108 644.315368652344 499.515106201172 2  2
id 1505338108 657.384887695312 523.328186035156 1  0
id 1505338108 636.951232910156 584.952392578125 1  2
id 1505338109 636.155517578125 588.224731445312 1  2
id 1505338109 649.866271972656 561.113220214844 2  0
id 1505338109 645.872131347656 548.974304199219 3  0
id 1505338109 642.175598144531 514.42578125 1  0
id 1505338109 641.244995117188 500.828002929688 1  2
id 1505338109 658.724731445312 470.677947998047 1  2
id 1505338109 655.866516113281 453.012237548828 1  2
id 1505338109 652.723205566406 431.847351074219 2  0
id 1505338109 636.21875 398.012115478516 1  0
id 1505338109 639.592651367188 383.261352539062 1  2
id 1505338109 645.832214355469 347.663116455078 2  0
id 1505338109 650.261291503906 333.03564453125 1  0
id 1505338109 661.9736328125 306.563812255859 1  2
id 1505338109 640.228210449219 287.784027099609 1  2
id 1505338109 650.339477539062 256.939392089844 1  2
id 1505338109 653.635192871094 245.796630859375 1  2
id 1505338109 646.331787109375 233.780334472656 2  0
id 1505338110 645.57177734375 215.981918334961 1  0
id 1505338110 646.092163085938 239.406829833984 1  2
id 1505338110 659.953063964844 245.80256652832 1  2
id 1505338110 644.320922851562 260.591644287109 1  2
id 1505338110 642.307250976562 287.437744140625 1  2
id 1505338110 641.085144042969 298.255279541016 1  2
id 1505338110 638.924865722656 323.402435302734 2  0
id 1505338110 641.193603515625 333.952972412109 1  0
id 1505338110 644.440124511719 365.049499511719 1  2
id 1505338110 652.197448730469 382.411224365234 1  2
id 1505338110 636.696228027344 418.999847412109 1  2
id 1505338110 632.296691894531 434.212219238281 2  0
id 1505338110 653.778564453125 453.358520507812 1  0
id 1505338110 655.219177246094 470.961486816406 1  2
id 1505338110 654.450988769531 478.825073242188 1  2
id 1505338110 644.085266113281 507.522918701172 1  2
id 1505338111 646.328796386719 524.21875 1  2
id 1505338111 652.529907226562 561.255432128906 3  0
id 1505338111 642.056335449219 578.127319335938 3  2
id 1505338111 627.205078125 582.52587890625 1  0
id 1505338111 640.2841796875 558.500183105469 2  0
id 1505338111 625.27392578125 525.914672851562 1  0
id 1505338111 623.039733886719 509.220336914062 2  0
id 1505338111 635.633117675781 464.393585205078 1  0
id 1505338112 630.485229492188 444.445373535156 2  0
id 1505338112 624.974792480469 402.635589599609 1  0
id 1505338112 629.516235351562 380.552978515625 1  2
id 1505338112 626.381591796875 342.030456542969 1  2
id 1505338112 627.026916503906 306.789520263672 1  0
id 1505338112 627.014526367188 289.395050048828 1  2
id 1505338112 619.847045898438 261.726867675781 1  2
id 1505338112 648.603088378906 240.076278686523 1  2
id 1505338112 638.520690917969 234.774215698242 1  2
id 1505338112 636.7763671875 217.757614135742 1  2
id 1505338113 641.909606933594 209.809097290039 1  0
id 1505338113 645.272094726562 223.009048461914 1  2
id 1505338113 646.734741210938 236.550277709961 1  2
id 1505338113 646.478881835938 265.501953125 1  2
id 1505338113 630.330688476562 338.714294433594 2  0
id 1505338113 642.16259765625 358.712249755859 1  0
id 1505338113 623.906433105469 389.480346679688 1  2
id 1505338113 626.002319335938 406.614715576172 1  2
id 1505338113 625.740905761719 438.105407714844 1  2
id 1505338113 623.766906738281 448.530059814453 1  2
id 1505338113 632.244018554688 474.769500732422 1  2
id 1505338113 635.8642578125 484.583648681641 1  2
id 1505338113 638.47265625 507.975616455078 1  2
id 1505338113 623.678466796875 519.291809082031 1  2
id 1505338113 631.976745605469 538.885192871094 1  2
id 1505338114 653.225158691406 567.610778808594 3  0
id 1505338114 649.473022460938 547.617126464844 1  0
id 1505338114 644.594116210938 531.113037109375 1  2
id 1505338114 640.616455078125 490.940551757812 1  2
id 1505338114 638.123901367188 477.662506103516 1  2
id 1505338114 641.395263671875 457.195281982422 1  2
id 1505338114 637.74169921875 412.374847412109 2  0
id 1505338115 636.10791015625 366.434387207031 2  0
id 1505338115 635.5205078125 341.988067626953 1  0
id 1505338115 646.848449707031 282.850006103516 1  0
id 1505338115 649.95703125 260.829925537109 1  2
id 1505338115 656.809143066406 224.684509277344 1  0
id 1505338115 648.715942382812 254.266830444336 1  2
id 1505338115 662.332885742188 264.023590087891 1  2
id 1505338115 648.852722167969 307.286926269531 1  2
id 1505338115 649.999145507812 321.264556884766 1  2
id 1505338115 640.926086425781 347.887634277344 1  0
id 1505338115 650.976684570312 367.514373779297 1  2
id 1505338115 646.923645019531 404.030395507812 1  2
id 1505338115 633.264343261719 422.284088134766 2  0
id 1505338115 647.561584472656 463.60546875 1  0
id 1505338116 636.822143554688 479.008911132812 2  0
id 1505338116 632.061828613281 487.728729248047 2  2
id 1505338116 645.753234863281 517.157409667969 1  0
id 1505338116 651.508666992188 533.579040527344 1  2
id 1505338116 640.132995605469 571.867736816406 3  0
id 1505338116 651.468322753906 567.751770019531 3  2
id 1505338116 650.821655273438 557.653625488281 1  0
id 1505338116 638.667114257812 514.708618164062 2  0
id 1505338116 653.514343261719 493.2705078125 1  0
id 1505338116 656.320739746094 424.125732421875 1  0
id 1505338117 647.839050292969 372.179626464844 2  0
id 1505338117 662.624816894531 342.239654541016 1  0
id 1505338117 658.19482421875 303.356750488281 1  2
id 1505338117 661.865844726562 281.793060302734 1  2
id 1505338117 649.744812011719 232.62321472168 2  0
id 1505338117 646.811157226562 222.531951904297 1  0
id 1505338117 646.350830078125 208.39274597168 2  0
id 1505338118 650.505676269531 239.744293212891 2  2
id 1505338118 634.870727539062 248.042114257812 2  2
id 1505338118 649.966186523438 265.215362548828 1  0
id 1505338118 635.072448730469 276.267059326172 1  2
id 1505338118 635.916381835938 312.390838623047 1  2
id 1505338118 636.218139648438 333.303527832031 1  2
id 1505338118 639.648132324219 375.316864013672 2  0
id 1505338118 634.441101074219 397.803619384766 2  2
id 1505338118 648.384460449219 413.277526855469 1  0
id 1505338118 635.345947265625 452.195159912109 3  0
id 1505338118 647.752075195312 474.579193115234 1  0
id 1505338118 651.471984863281 502.843170166016 1  2
id 1505338118 656.182861328125 525.913513183594 2  0
id 1505338118 646.663635253906 547.842956542969 1  0
id 1505338118 650.203430175781 584.78125 3  0
