id 1505240715 424.525665283203 408.697509765625 1  0
id 1505240716 471.278503417969 406.241455078125 1  0
id 1505240717 1432.12219238281 -175.467041015625 3  0
id 1505240717 510.154266357422 399.974853515625 2  0
id 1505240717 517.905212402344 401.923675537109 2  0
id 1505240717 544.081481933594 400.039123535156 1  0
id 1505240718 545.690124511719 403.593902587891 2  0
id 1505240718 1475.20422363281 492.407318115234 4  0
id 1505240718 559.309997558594 399.664245605469 2  0
id 1505240718 582.870849609375 402.702301025391 1  0
id 1505240719 607.14013671875 405.792388916016 2  0
id 1505240719 624.560852050781 406.358978271484 1  0
id 1505240719 632.72314453125 408.609375 1  0
id 1505240719 638.359924316406 403.421966552734 1  0
id 1505240719 642.349975585938 405.449829101562 1  0
id 1505240719 640.637145996094 404.023651123047 1  0
id 1505240719 651.372802734375 400.794158935547 1  0
id 1505240721 708.484252929688 405.527709960938 1  0
id 1505240721 708.38720703125 406.747283935547 1  0
id 1505240721 685.370910644531 407.752899169922 2  0
id 1505240721 677.857482910156 404.347106933594 1  0
id 1505240722 672.986389160156 404.873901367188 1  0
id 1505240722 672.630432128906 405.567474365234 1  0
id 1505240723 620.72998046875 404.477416992188 1  2
id 1505240723 619.729309082031 399.980651855469 1  0
id 1505240723 610.30859375 402.609588623047 1  0
id 1505240723 603.036682128906 402.045379638672 1  0
id 1505240723 592.022766113281 402.977294921875 2  0
id 1505240724 577.950744628906 400.144073486328 1  0
id 1505240724 571.968322753906 401.779174804688 1  0
id 1505240724 571.011962890625 404.413970947266 1  0
id 1505240724 546.272827148438 407.0029296875 1  0
id 1505240724 545.097045898438 405.989532470703 1  0
id 1505240725 534.549011230469 400.935089111328 2  0
id 1505240725 515.686279296875 402.835357666016 2  0
id 1505240725 506.504943847656 400.432403564453 1  0
id 1505240725 502.313903808594 398.907653808594 1  0
id 1505240726 494.913238525391 399.387603759766 1  0
id 1505240726 493.367797851562 401.743377685547 1  0
id 1505240726 471.052093505859 403.284790039062 1  0
id 1505240727 446.935974121094 403.61474609375 1  0
id 1505240727 448.385986328125 404.013061523438 2  0
id 1505240727 430.101928710938 403.186614990234 1  0
id 1505240727 423.614227294922 405.901733398438 1  0
id 1505240728 422.523284912109 403.031707763672 1  0
id 1505240728 422.363372802734 403.354309082031 2  0
id 1505240728 424.562805175781 403.96484375 1  0
id 1505240728 422.363372802734 403.354309082031 1  0
id 1505240729 424.246612548828 404.336822509766 1  0
id 1505240729 428.751739501953 402.423156738281 1  0
id 1505240730 438.303649902344 403.417297363281 1  0
id 1505240730 445.024749755859 401.157196044922 1  0
id 1505240730 463.274444580078 402.210723876953 1  2
id 1505240730 471.714447021484 403.742431640625 1  0
id 1505240731 492.355499267578 401.049224853516 1  0
id 1505240731 501.75 398.483306884766 1  0
id 1505240731 505.321228027344 400.011596679688 1  0
id 1505240732 512.425842285156 399.566314697266 1  0
id 1505240732 513.60546875 397.482269287109 1  0
id 1505240732 533.486877441406 398.625122070312 1  0
id 1505240732 535.024597167969 398.189239501953 1  0
id 1505240733 542.9755859375 399.047790527344 1  0
id 1505240733 550.844787597656 400.176788330078 1  0
id 1505240733 559.934326171875 401.484558105469 1  0
id 1505240733 572.094787597656 400.177825927734 1  0
id 1505240734 633.780090332031 400.124908447266 2  0
id 1505240737 688.705078125 400.806854248047 2  0
id 1505240737 701.212219238281 397.8017578125 2  0
id 1505240737 705.71435546875 400.224304199219 2  0
