id 1505338061 419.150726318359 386.240600585938 2  0
id 1505338062 449.742156982422 398.546997070312 1  0
id 1505338062 528.621826171875 403.235992431641 1  2
id 1505338062 555.990539550781 404.715393066406 1  2
id 1505338062 575.374145507812 402.9619140625 1  2
id 1505338062 594.440856933594 401.587432861328 1  2
id 1505338063 601.433776855469 401.0185546875 1  2
id 1505338063 626.199157714844 402.536010742188 1  2
id 1505338063 638.89013671875 404.860198974609 1  2
id 1505338063 671.754699707031 406.075927734375 1  2
id 1505338063 687.785583496094 408.131561279297 1  0
id 1505338063 697.284606933594 403.647247314453 1  2
id 1505338063 697.751831054688 396.5400390625 1  2
id 1505338063 676.597839355469 404.975372314453 1  0
id 1505338063 644.109985351562 404.08251953125 2  0
id 1505338063 632.642211914062 401.658752441406 1  0
id 1505338064 596.792846679688 404.574371337891 2  0
id 1505338064 598.768981933594 400.705688476562 1  0
id 1505338064 583.565002441406 395.411682128906 1  2
id 1505338064 552.492736816406 393.882934570312 1  2
id 1505338064 516.591979980469 393.278869628906 2  0
id 1505338064 527.489929199219 388.864562988281 1  0
id 1505338064 505.843780517578 390.627960205078 1  2
id 1505338064 503.051086425781 390.85546875 1  2
id 1505338064 453.498474121094 394.892272949219 1  2
id 1505338064 438.902069091797 392.204833984375 1  2
id 1505338064 423.397247314453 393.644439697266 1  2
id 1505338064 441.812957763672 388.972534179688 1  2
id 1505338064 432.302734375 393.095001220703 1  2
id 1505338065 473.477233886719 408.076110839844 1  2
id 1505338065 492.839294433594 406.32421875 1  2
id 1505338065 503.588470458984 408.978302001953 1  2
id 1505338065 548.769409179688 409.009704589844 1  2
id 1505338065 594.052001953125 405.503692626953 1  2
id 1505338065 582.242431640625 409.642700195312 1  2
id 1505338065 627.751525878906 406.472503662109 1  2
id 1505338065 629.757690429688 409.489532470703 1  2
id 1505338065 668.292541503906 413.251129150391 1  2
id 1505338065 676.856201171875 412.378570556641 1  2
id 1505338065 696.685913085938 411.298156738281 1  2
id 1505338065 698.247375488281 410.994415283203 1  2
id 1505338066 672.729797363281 409.355010986328 1  0
id 1505338066 644.726623535156 411.630584716797 1  2
id 1505338066 607.945190429688 407.552917480469 2  0
id 1505338066 614.495727539062 403.664398193359 1  0
id 1505338066 602.174499511719 408.022125244141 1  2
id 1505338066 591.846801757812 402.151580810547 1  2
id 1505338066 563.154907226562 404.132568359375 1  2
id 1505338066 519.830139160156 400.952209472656 1  2
id 1505338066 503.550750732422 401.747985839844 1  2
id 1505338066 496.294494628906 398.811248779297 1  2
id 1505338066 492.700073242188 402.278503417969 1  2
id 1505338066 476.907928466797 400.21337890625 1  2
id 1505338066 471.86083984375 400.800598144531 1  2
id 1505338066 423.700469970703 404.545501708984 1  2
id 1505338067 397.421875 409.681427001953 2  0
id 1505338067 445.341491699219 402.959747314453 1  0
id 1505338067 473.799194335938 407.697082519531 1  2
id 1505338067 499.312591552734 405.973846435547 1  2
id 1505338067 512.978942871094 400.980560302734 1  2
id 1505338067 528.708740234375 399.876708984375 1  2
id 1505338067 562.029907226562 401.046997070312 1  2
id 1505338067 589.991821289062 398.771728515625 1  2
id 1505338067 598.825500488281 401.407257080078 1  2
id 1505338068 609.599365234375 404.062622070312 1  2
id 1505338068 618.532348632812 403.512817382812 1  2
id 1505338068 633.188537597656 406.207092285156 1  2
id 1505338068 600.22412109375 401.293487548828 1  2
id 1505338068 572.186218261719 402.691711425781 1  2
id 1505338068 560.48583984375 397.113677978516 1  2
id 1505338068 517.24365234375 397.105621337891 1  2
id 1505338068 521.783386230469 396.735992431641 1  2
id 1505338068 494.257415771484 401.975311279297 1  2
id 1505338068 478.569519042969 396.728057861328 1  2
id 1505338068 451.096862792969 395.616638183594 1  2
id 1505338068 428.6787109375 400.791198730469 1  2
id 1505338069 403.544219970703 402.485809326172 1  2
id 1505338069 410.138885498047 406.178436279297 1  2
id 1505338069 452.588653564453 405.896087646484 1  2
id 1505338069 468.673034667969 411.818695068359 1  2
id 1505338069 511.884216308594 404.950866699219 1  2
id 1505338069 534.748779296875 402.913940429688 1  2
id 1505338069 576.450805664062 403.227416992188 1  2
id 1505338069 615.479431152344 407.116943359375 1  2
id 1505338069 649.9267578125 404.139587402344 1  2
id 1505338069 647.540832519531 411.578582763672 1  2
id 1505338069 705.632202148438 410.748199462891 1  0
id 1505338069 720.024475097656 409.932769775391 1  2
id 1505338070 692.205322265625 414.668273925781 1  2
id 1505338070 677.90673828125 412.293212890625 1  2
id 1505338070 611.348388671875 410.455902099609 1  2
id 1505338070 618.650268554688 402.796722412109 1  2
id 1505338070 596.000122070312 401.283966064453 1  2
id 1505338070 547.893798828125 397.962219238281 1  0
id 1505338070 504.457824707031 397.617553710938 1  2
id 1505338070 481.683471679688 396.121917724609 1  2
id 1505338070 472.875701904297 393.489929199219 1  2
id 1505338070 437.090637207031 396.052673339844 1  2
id 1505338070 415.900848388672 394.255310058594 1  2
id 1505338070 396.5712890625 403.0537109375 2  0
id 1505338070 417.169921875 401.728454589844 1  0
id 1505338071 453.955627441406 398.556396484375 1  2
id 1505338071 462.517364501953 398.035339355469 1  2
id 1505338071 491.303527832031 402.392181396484 1  2
id 1505338071 503.362518310547 401.586944580078 1  2
id 1505338071 511.609588623047 401.444854736328 1  2
id 1505338071 533.507202148438 400.544677734375 1  2
id 1505338071 582.908081054688 395.994567871094 1  2
id 1505338071 618.247924804688 400.00390625 1  2
id 1505338071 613.460754394531 403.925262451172 1  2
id 1505338071 648.079223632812 400.933166503906 1  2
id 1505338071 642.276794433594 411.829650878906 1  2
id 1505338071 683.859497070312 411.809631347656 1  2
id 1505338071 719.573364257812 412.976257324219 1  0
id 1505338071 702.129455566406 411.032745361328 1  2
id 1505338071 714.113464355469 413.065887451172 1  2
