q_ 1505325980 149.197265625 266.546844482422 3  0
q_ 1505325980 166.731475830078 272.122711181641 2  0
q_ 1505325981 168.450836181641 272.164520263672 2  0
q_ 1505325981 175.052261352539 268.204986572266 2  0
q_ 1505325982 186.558654785156 260.588104248047 2  0
q_ 1505325982 165.235366821289 265.151397705078 3  0
q_ 1505325983 188.024108886719 256.847473144531 3  0
q_ 1505325984 193.854522705078 266.945159912109 2  0
q_ 1505325984 143.652648925781 260.577880859375 3  0
q_ 1505325985 194.856842041016 256.326232910156 2  0
q_ 1505325985 139.290954589844 287.866058349609 1  0
w_ 1505325986 288.639282226562 270.622253417969 2  0
w_ 1505325986 285.902221679688 280.868041992188 2  0
w_ 1505325987 291.048980712891 280.649780273438 3  0
w_ 1505325987 295.935516357422 276.643402099609 3  0
w_ 1505325988 288.875854492188 274.065216064453 3  0
w_ 1505325989 275.397705078125 278.205474853516 3  0
w_ 1505325989 293.998718261719 273.502319335938 3  0
w_ 1505325990 302.545623779297 272.678985595703 3  0
w_ 1505325990 278.666748046875 270.689147949219 3  0
w_ 1505325991 278.902801513672 274.131774902344 3  0
e_ 1505325992 381.400665283203 294.572937011719 3  0
e_ 1505325993 360.174774169922 289.252105712891 3  0
e_ 1505325993 349.172088623047 279.694366455078 3  0
e_ 1505325994 373.577239990234 281.304260253906 3  0
e_ 1505325994 377.005706787109 281.043762207031 3  0
e_ 1505325995 351.456237792969 282.811676025391 3  0
e_ 1505325996 345.745361328125 279.954803466797 3  0
e_ 1505325996 377.005706787109 281.043762207031 3  0
e_ 1505325997 356.506622314453 286.065704345703 3  0
e_ 1505325998 378.319152832031 277.652465820312 3  0
r_ 1505325999 482.740753173828 290.528198242188 3  0
r_ 1505326000 466.855590820312 295.375610351562 3  0
r_ 1505326000 464.083312988281 295.238800048828 3  0
r_ 1505326001 461.789031982422 292.117004394531 3  0
r_ 1505326002 482.987823486328 293.979309082031 3  0
r_ 1505326002 466.779144287109 284.627380371094 3  0
r_ 1505326003 467.918853759766 281.246002197266 3  0
r_ 1505326004 468.411346435547 288.145751953125 3  0
r_ 1505326004 458.266418457031 271.749816894531 3  0
r_ 1505326005 498.113037109375 285.719055175781 3  0
t_ 1505326006 568.590270996094 287.490356445312 3  0
t_ 1505326006 569.727294921875 284.10546875 3  0
t_ 1505326007 607.361267089844 287.677673339844 3  0
t_ 1505326008 603.411743164062 281.030242919922 3  0
t_ 1505326008 604.908081054688 284.910980224609 3  0
t_ 1505326009 574.304260253906 280.459991455078 3  0
t_ 1505326010 587.340576171875 278.9501953125 3  0
t_ 1505326010 582.732116699219 272.703430175781 3  0
t_ 1505326011 585.288696289062 279.279510498047 3  0
t_ 1505326012 605.708740234375 274.605133056641 3  0
y_ 1505326012 704.754333496094 281.166564941406 3  0
y_ 1505326013 718.807678222656 283.578948974609 3  0
y_ 1505326014 688.452209472656 278.752075195312 3  0
y_ 1505326014 711.391418457031 277.187042236328 3  0
y_ 1505326015 724.140747070312 283.001159667969 3  0
y_ 1505326016 694.165954589844 271.715148925781 3  0
y_ 1505326016 690.360290527344 285.733642578125 3  0
y_ 1505326017 693.402404785156 289.327758789062 3  0
y_ 1505326018 694.066162109375 288.929779052734 3  0
y_ 1505326019 722.197692871094 287.147613525391 3  0
u_ 1505326019 830.016906738281 289.428588867188 3  0
u_ 1505326020 829.644714355469 293.635192871094 3  0
u_ 1505326021 834.403381347656 289.967346191406 3  0
u_ 1505326021 825.39208984375 283.511657714844 3  0
u_ 1505326022 823.239501953125 280.367736816406 3  0
u_ 1505326023 828.528442382812 283.622436523438 3  0
i_ 1505326023 884.505737304688 279.038024902344 2  0
u_ 1505326023 832.249938964844 286.822357177734 3  0
u_ 1505326024 827.598205566406 282.822540283203 3  0
u_ 1505326025 799.710266113281 281.627014160156 3  0
u_ 1505326025 827.544799804688 286.656066894531 3  0
i_ 1505326026 919.185363769531 279.723327636719 3  0
o_ 1505326026 1007.39709472656 276.188049316406 2  0
i_ 1505326026 946.717651367188 277.814697265625 3  0
i_ 1505326027 948.880432128906 280.961975097656 3  0
i_ 1505326028 950.179992675781 277.552764892578 3  0
o_ 1505326029 977.798706054688 272.152130126953 3  0
o_ 1505326030 978.346252441406 279.082336425781 3  0
i_ 1505326044 898.817993164062 275.168487548828 2  0
i_ 1505326044 939.060729980469 286.758270263672 1  0
i_ 1505326045 916.40087890625 288.645172119141 1  0
o_ 1505326047 1020.04077148438 277.324310302734 3  0
o_ 1505326048 1023.912109375 269.011108398438 1  0
o_ 1505326049 1022.48590087891 283.940826416016 1  0
o_ 1505326050 1023.08123779297 287.035369873047 1  0
o_ 1505326051 1021.89074707031 280.846466064453 1  0
o_ 1505326052 1026.29357910156 281.385711669922 1  0
o_ 1505326052 1021.52868652344 285.0595703125 1  0
o_ 1505326053 1023.69799804688 288.209808349609 2  0
o_ 1505326053 1021.20959472656 285.432525634766 1  0
o_ 1505326054 1026.84643554688 288.320831298828 1  0
p_ 1505326055 1144.68286132812 285.883270263672 2  0
p_ 1505326055 1138.29931640625 293.350830078125 1  0
p_ 1505326056 1138.01684570312 289.879058837891 2  0
p_ 1505326057 1158.92248535156 289.000762939453 2  0
p_ 1505326057 1156.603515625 282.0146484375 1  0
p_ 1505326058 1153.12866210938 282.276947021484 2  0
p_ 1505326059 1155.16369628906 285.790985107422 2  0
p_ 1505326059 1156.88708496094 285.486236572266 1  0
p_ 1505326060 1136.29248046875 283.722564697266 1  0
p_ 1505326061 1156.63195800781 282.36181640625 1  0
a 1505326062 217.701919555664 380.97998046875 1  0
a 1505326063 213.55827331543 380.771514892578 2  0
a 1505326063 214.278015136719 381.237670898438 2  0
a 1505326064 202.626449584961 381.941162109375 1  0
a 1505326065 210.156066894531 371.142517089844 1  0
a 1505326065 197.773345947266 378.838012695312 2  0
a 1505326065 194.890426635742 371.772613525391 1  0
a 1505326066 201.965103149414 382.337829589844 2  0
a 1505326066 218.752410888672 381.247863769531 1  0
a 1505326067 213.457000732422 381.819793701172 1  0
a 1505326068 211.671813964844 378.311859130859 1  0
a 1505326068 214.543365478516 374.973937988281 1  0
s 1505326069 315.856628417969 378.280242919922 1  0
s 1505326070 314.301330566406 378.223663330078 2  0
s 1505326070 312.427032470703 378.538238525391 1  0
s 1505326070 314.301330566406 378.223663330078 2  0
s 1505326071 316.652648925781 384.818603515625 1  0
s 1505326071 316.652648925781 384.818603515625 1  0
s 1505326072 314.143859863281 370.9443359375 1  0
s 1505326072 319.924713134766 377.279693603516 2  0
s 1505326073 309.792938232422 385.334228515625 1  0
s 1505326074 311.109985351562 381.936157226562 1  0
s 1505326074 312.269775390625 371.258972167969 2  0
s 1505326074 316.494934082031 377.537719726562 1  0
s 1505326075 310.476654052734 367.749084472656 2  0
s 1505326075 312.269775390625 371.258972167969 1  0
s 1505326076 311.429138183594 381.564880371094 1  0
d 1505326077 428.48486328125 387.364074707031 1  0
d 1505326077 430.852081298828 393.967926025391 1  0
d 1505326078 424.559600830078 380.705047607422 1  0
d 1505326079 425.122985839844 383.791839599609 1  0
d 1505326080 428.315063476562 380.075317382812 1  0
d 1505326080 425.048126220703 387.622100830078 1  0
d 1505326081 421.611602783203 387.880126953125 1  0
d 1505326081 425.536773681641 394.540557861328 2  0
d 1505326082 420.053009033203 387.823333740234 1  0
d 1505326083 432.166442871094 390.565246582031 1  0
d 1505326083 423.245239257812 384.106658935547 1  0
f 1505326084 543.325012207031 382.744750976562 1  0
f 1505326085 530.009704589844 385.310272216797 2  0
f 1505326086 536.015380859375 398.960174560547 2  0
f 1505326087 536.826599121094 388.628021240234 1  0
f 1505326087 535.014343261719 385.108856201172 2  0
f 1505326087 539.346496582031 387.568664550781 1  0
f 1505326088 539.346496582031 387.568664550781 1  0
f 1505326089 532.529296875 384.251037597656 1  0
f 1505326090 530.009704589844 385.310272216797 1  0
f 1505326090 528.697814941406 388.715576171875 1  0
f 1505326091 539.596984863281 391.031341552734 1  0
f 1505326091 537.534057617188 384.049560546875 2  0
f 1505326092 537.396240234375 391.718597412109 1  0
f 1505326093 539.847473144531 394.494384765625 2  0
g 1505326094 642.130615234375 397.458129882812 2  0
g 1505326095 641.299255371094 390.897827148438 1  0
g 1505326095 637.849731445312 391.156280517578 2  0
g 1505326096 639.734069824219 390.840881347656 1  0
g 1505326097 639.478210449219 387.375030517578 1  0
g 1505326098 643.980651855469 380.242523193359 1  0
g 1505326098 642.927673339844 387.116485595703 2  0
g 1505326099 641.043273925781 387.431945800781 1  0
g 1505326099 653.853149414062 389.434448242188 1  0
g 1505326100 645.131469726562 386.428588867188 1  0
g 1505326101 632.579895019531 387.89208984375 1  0
h 1505326102 762.031433105469 384.817718505859 2  0
h 1505326102 765.776977539062 388.375366210938 2  0
h 1505326102 765.776977539062 388.375366210938 1  0
h 1505326103 768.971069335938 384.646881103516 1  0
h 1505326104 747.866394042969 392.8564453125 1  0
h 1505326105 750.479370117188 386.031829833984 1  0
h 1505326106 779.342712402344 383.870086669922 1  0
h 1505326106 755.88037109375 381.615447998047 1  0
h 1505326107 756.724060058594 388.180847167969 2  0
h 1505326108 757.44873046875 381.672332763672 1  0
h 1505326109 754.516845703125 388.869445800781 2  0
j 1505326110 864.448364257812 390.942260742188 1  0
j 1505326110 890.862487792969 385.647674560547 1  0
j 1505326111 856.400756835938 381.415893554688 2  0
j 1505326111 856.668334960938 384.888000488281 1  0
j 1505326112 867.055603027344 384.110595703125 1  0
j 1505326112 864.896423339844 380.954498291016 2  0
j 1505326113 861.166259765625 377.741821289062 2  0
j 1505326113 861.43408203125 381.213714599609 1  0
j 1505326114 890.862487792969 385.647674560547 1  0
j 1505326114 865.215881347656 380.581329345703 1  0
j 1505326115 863.9638671875 380.151275634766 2  0
j 1505326115 859.86279296875 381.156677246094 1  0
j 1505326116 873.636413574219 385.888549804688 1  0
j 1505326117 862.072998046875 380.467407226562 1  0
k 1505326117 988.98046875 391.595703125 2  0
k 1505326118 983.761474609375 391.810791015625 2  0
k 1505326119 984.412048339844 377.949554443359 1  0
k 1505326120 989.657592773438 378.081604003906 2  0
k 1505326120 988.458435058594 384.989776611328 1  0
k 1505326121 984.988525390625 385.249206542969 2  0
k 1505326121 984.6865234375 381.425354003906 1  0
k 1505326122 990.454528808594 388.162963867188 1  0
k 1505326123 983.863098144531 370.998992919922 1  0
k 1505326124 988.705688476562 388.118743896484 1  0
k 1505326125 992.175964355469 387.859375 2  0
l 1505326125 1105.7998046875 392.847686767578 1  0
l 1505326126 1098.28393554688 386.40576171875 2  0
l 1505326127 1107.1640625 385.917694091797 1  0
l 1505326128 1098.56469726562 389.886047363281 2  0
l 1505326129 1093.72290039062 397.075714111328 1  0
l 1505326129 1107.35070800781 392.556915283203 1  0
l 1505326130 1109.27734375 392.588195800781 1  0
l 1505326131 1108.99597167969 389.107299804688 1  0
l 1505326132 1096.91918945312 393.335388183594 1  0
l 1505326132 1112.37915039062 392.006469726562 2  0
z 1505326134 326.656127929688 507.239837646484 1  0
z 1505326135 321.612213134766 514.236999511719 1  0
z 1505326135 315.543182373047 511.375305175781 2  0
z 1505326136 322.881469726562 497.587677001953 2  0
z 1505326137 320.9306640625 504.353576660156 2  0
z 1505326138 319.955108642578 507.736846923828 2  0
z 1505326138 322.881469726562 497.587677001953 1  0
z 1505326139 320.421081542969 494.460296630859 2  0
z 1505326139 296.538726806641 506.163391113281 2  0
z 1505326139 301.799957275391 512.394287109375 1  0
z 1505326140 303.408721923828 505.653656005859 1  0
z 1505326140 309.475311279297 508.51416015625 2  0
z 1505326141 297.343200683594 502.793609619141 2  0
x 1505326142 427.096954345703 509.733459472656 2  0
x 1505326142 420.211883544922 510.243560791016 1  0
x 1505326142 420.211883544922 510.243560791016 1  0
x 1505326143 434.782806396484 505.849090576172 1  0
x 1505326144 426.743530273438 499.816253662109 1  0
x 1505326145 426.743530273438 499.816253662109 1  0
x 1505326145 429.041564941406 502.960052490234 1  0
x 1505326146 422.156921386719 503.470489501953 1  0
x 1505326147 434.772430419922 495.90673828125 1  0
x 1505326148 431.330017089844 496.162170410156 1  0
x 1505326148 429.041564941406 502.960052490234 1  0
c 1505326149 541.607849121094 497.931488037109 1  0
c 1505326150 538.183898925781 508.139404296875 1  0
c 1505326150 535.851623535156 495.040679931641 1  0
c 1505326151 541.607849121094 497.931488037109 1  0
c 1505326152 539.325256347656 504.736541748047 2  0
c 1505326153 564.269653320312 499.570251464844 1  0
c 1505326153 542.748901367188 494.529296875 2  0
c 1505326154 540.466674804688 501.333831787109 1  0
c 1505326155 534.710327148438 498.442718505859 1  0
c 1505326156 545.082763671875 507.628631591797 1  0
v 1505326156 673.470031738281 494.80126953125 2  0
v 1505326157 673.470031738281 494.80126953125 1  0
v 1505326158 654.348571777344 482.934509277344 2  0
v 1505326159 676.9267578125 494.545257568359 1  0
v 1505326159 676.9267578125 494.545257568359 1  0
v 1505326160 655.528015136719 489.488006591797 2  0
v 1505326160 673.470031738281 494.80126953125 1  0
v 1505326161 653.210754394531 486.339172363281 2  0
v 1505326162 640.570007324219 493.917114257812 2  0
v 1505326162 660.955688476562 492.406707763672 1  0
v 1505326163 658.810607910156 489.244720458984 1  0
b 1505326164 763.407897949219 488.14013671875 2  0
b 1505326165 766.86962890625 487.883758544922 1  0
b 1505326166 763.8701171875 478.134429931641 1  0
b 1505326166 764.715881347656 484.719055175781 2  0
b 1505326166 765.561767578125 491.305053710938 1  0
b 1505326167 765.561767578125 491.305053710938 1  0
b 1505326168 764.715881347656 484.719055175781 1  0
b 1505326169 757.793090820312 485.231964111328 2  0
b 1505326169 760.408996582031 478.391052246094 1  0
b 1505326169 758.638305664062 491.817626953125 2  0
b 1505326170 764.253723144531 494.726684570312 1  0
b 1505326171 757.330017089844 495.239135742188 1  0
n 1505326172 872.792358398438 490.021789550781 2  0
n 1505326172 887.278076171875 485.621643066406 1  0
n 1505326173 879.2177734375 482.890289306641 2  0
n 1505326174 880.696166992188 479.453338623047 1  0
n 1505326175 869.324157714844 490.278381347656 2  0
n 1505326175 877.739318847656 486.32763671875 1  0
n 1505326175 877.22802734375 479.710174560547 1  0
n 1505326176 881.207763671875 486.070922851562 1  0
n 1505326177 877.22802734375 479.710174560547 2  0
n 1505326178 872.281555175781 483.403839111328 2  0
n 1505326178 877.22802734375 479.710174560547 1  0
n 1505326179 876.2607421875 489.765197753906 1  0
m 1505326180 983.18359375 495.181640625 1  0
m 1505326181 993.434020996094 487.759735107422 1  0
m 1505326181 988.133544921875 484.81982421875 2  0
m 1505326182 983.18359375 495.181640625 1  0
m 1505326183 984.658752441406 485.076812744141 1  0
m 1505326184 986.308715820312 481.623474121094 1  0
m 1505326185 986.483703613281 488.273559570312 2  0
m 1505326186 986.308715820312 481.623474121094 1  0
m 1505326187 986.483703613281 488.273559570312 1  0
m 1505326188 984.833679199219 491.727447509766 1  0
m 1505326188 984.833679199219 491.727447509766 1  0
back 1505326189 1156.171875 495.752563476562 1  0
back 1505326191 1123.76550292969 498.143127441406 1  0
back 1505326191 1108.78771972656 499.248016357422 1  0
back 1505326192 1125.58728027344 494.671508789062 1  0
back 1505326193 1118.62048339844 495.185607910156 2  0
back 1505326193 1118.62048339844 495.185607910156 1  0
back 1505326194 1130.73327636719 497.629119873047 2  0
back 1505326195 1129.68798828125 497.706237792969 1  0
back 1505326196 1129.49890136719 491.045684814453 1  0
back 1505326196 1131.33544921875 494.247314453125 2  0
back 1505326197 1141.18615722656 496.858032226562 1  0
back 1505326197 1120.88464355469 495.018524169922 1  0
back 1505326197 1124.36804199219 494.761474609375 2  0
back 1505326198 1134.81945800781 493.990203857422 1  0
back 1505326198 1133.17211914062 497.44921875 2  0
back 1505326199 1134.81945800781 493.990203857422 1  0
back 1505326200 1129.68798828125 497.706237792969 2  0
back 1505326201 1128.04052734375 501.165496826172 1  0
space 1505326202 597.665893554688 610.140808105469 1  0
space 1505326203 618.416076660156 608.622375488281 3  0
space 1505326204 622.842895507812 604.967712402344 2  0
space 1505326205 632.906799316406 597.570007324219 1  0
space 1505326205 636.4052734375 607.306030273438 1  0
space 1505326206 638.725036621094 610.467651367188 3  0
space 1505326207 622.566955566406 608.318664550781 1  0
space 1505326208 622.566955566406 608.318664550781 1  0
space 1505326209 628.307250976562 601.237121582031 1  0
space 1505326210 615.925170898438 605.47412109375 2  0
enter 1505326211 1058.44921875 596.835510253906 2  0
enter 1505326212 1051.96752929688 590.268737792969 1  0
enter 1505326212 1050.01721191406 600.9716796875 2  0
enter 1505326213 1063.91943359375 592.915588378906 2  0
enter 1505326214 1046.67224121094 594.175354003906 2  0
enter 1505326215 1041.72534179688 598.056579589844 2  0
enter 1505326215 1057.12451171875 593.411926269531 1  0
enter 1505326216 1064.41064453125 579.328857421875 1  0
enter 1505326217 1069.38952636719 588.995727539062 2  0
enter 1505326217 1055.66149902344 597.0390625 1  0
enter 1505326218 1055.45153808594 590.01416015625 1  0
enter 1505326219 1069.38952636719 588.995727539062 2  0
enter 1505326219 1050.33044433594 593.908142089844 1  0
enter 1505326219 1060.60888671875 593.157409667969 2  0
