q_1_ 1505333751 149.222747802734 292.953399658203 1  0
q_1_ 1505333751 144.303115844727 286.700531005859 1  0
q_1_ 1505333753 161.008483886719 277.42236328125 1  0
q_1_ 1505333754 147.942291259766 272.028717041016 1  0
q_1_ 1505333755 162.43669128418 266.61767578125 1  0
q_1_ 1505333757 170.024688720703 276.496063232422 2  0
q_1_ 1505333757 168.409729003906 272.951202392578 2  0
w_2_ 1505333760 278.989929199219 282.323791503906 1  0
w_2_ 1505333760 268.582702636719 286.172637939453 1  0
w_2_ 1505333761 271.832275390625 282.3935546875 1  0
w_2_ 1505333761 273.059814453125 282.466705322266 1  0
w_2_ 1505333762 277.309967041016 275.273040771484 1  0
w_2_ 1505333763 273.872100830078 281.522033691406 1  0
w_2_ 1505333763 282.011688232422 275.056762695312 2  0
w_2_ 1505333763 281.237518310547 281.961273193359 1  0
w_2_ 1505333764 270.054260253906 279.209075927734 1  0
w_2_ 1505333764 282.011688232422 275.056762695312 1  0
e_3_ 1505333765 359.191925048828 282.138732910156 1  0
e_3_ 1505333765 369.832397460938 281.779479980469 2  0
e_3_ 1505333766 376.550872802734 277.709991455078 1  0
e_3_ 1505333766 367.522674560547 278.637176513672 1  0
e_3_ 1505333767 381.520599365234 283.966217041016 2  0
e_3_ 1505333769 383.714447021484 277.640045166016 2  0
e_3_ 1505333769 383.505004882812 277.131011962891 2  0
e_3_ 1505333770 361.505462646484 261.948516845703 1  0
e_3_ 1505333770 377.172973632812 255.910400390625 2  0
r_4_ 1505333771 485.482727050781 269.694061279297 1  0
r_4_ 1505333771 492.763702392578 268.736785888672 2  0
r_4_ 1505333772 474.522705078125 273.064239501953 1  0
r_4_ 1505333772 468.064605712891 270.793090820312 1  0
r_4_ 1505333773 466.962524414062 280.015045166016 3  0
r_4_ 1505333774 484.082458496094 262.263671875 2  0
r_4_ 1505333774 485.312164306641 262.336822509766 1  0
r_4_ 1505333775 493.011352539062 272.227447509766 1  0
r_4_ 1505333775 488.555267333984 293.328674316406 3  0
r_4_ 1505333776 483.281829833984 273.212921142578 1  0
t_5_ 1505333777 603.466125488281 283.768249511719 1  0
t_5_ 1505333777 607.467590332031 290.469940185547 2  0
t_5_ 1505333778 598.203186035156 288.426513671875 2  0
t_5_ 1505333778 602.234130859375 283.694976806641 1  0
t_5_ 1505333781 599.724670410156 280.563323974609 2  0
t_5_ 1505333783 599.937561035156 281.072998046875 1  0
y_6_ 1505333783 679.783142089844 282.343505859375 1  0
y_6_ 1505333784 700.00927734375 280.836944580078 1  0
y_6_ 1505333784 687.771606445312 281.3271484375 2  0
y_6_ 1505333786 701.5498046875 273.497528076172 1  0
y_6_ 1505333786 702.286865234375 273.963714599609 1  0
y_6_ 1505333788 693.775207519531 295.610290527344 1  0
y_6_ 1505333788 695.008850097656 295.683715820312 2  0
y_6_ 1505333789 714.287414550781 284.047821044922 1  0
u_7_ 1505333791 814.828857421875 286.072479248047 1  0
u_7_ 1505333792 820.115783691406 281.934967041016 1  0
u_7_ 1505333792 807.12646484375 281.958709716797 1  0
u_7_ 1505333792 816.571655273438 281.525360107422 2  0
u_7_ 1505333793 827.007751464844 280.305297851562 1  0
u_7_ 1505333794 828.591613769531 269.436676025391 1  0
u_7_ 1505333795 830.068664550781 287.799499511719 3  0
u_7_ 1505333795 824.236389160156 263.289581298828 2  0
u_7_ 1505333796 825.385437011719 273.222961425781 1  0
u_7_ 1505333797 828.09375 276.341979980469 1  0
i_8_ 1505333798 938.145080566406 302.791015625 3  0
i_8_ 1505333798 936.029235839844 285.861999511719 1  0
i_8_ 1505333798 933.481018066406 276.382446289062 1  0
i_8_ 1505333799 930.282165527344 280.171936035156 2  0
i_8_ 1505333799 932.724609375 275.740692138672 1  0
i_8_ 1505333800 927.839538574219 288.834197998047 3  0
i_8_ 1505333800 919.229919433594 274.044738769531 1  0
i_8_ 1505333801 919.505126953125 281.596557617188 1  0
i_8_ 1505333802 919.795593261719 285.096618652344 1  0
i_8_ 1505333802 924.071899414062 277.340972900391 1  0
i_8_ 1505333803 924.653686523438 284.340270996094 1  0
i_8_ 1505333804 921.628540039062 281.772430419922 1  0
o_9_ 1505333804 1048.44592285156 288.332733154297 2  0
o_9_ 1505333805 1031.91174316406 286.355377197266 1  0
o_9_ 1505333806 1031.91174316406 286.355377197266 2  0
o_9_ 1505333806 1023.62316894531 290.21923828125 1  0
o_9_ 1505333807 1019.06628417969 290.421569824219 1  0
o_9_ 1505333807 1026.05383300781 289.840881347656 1  0
o_9_ 1505333808 1024.84643554688 279.888977050781 2  0
o_9_ 1505333809 1049.79150390625 277.462707519531 2  0
o_9_ 1505333809 1037.45300292969 275.138824462891 1  0
o_9_ 1505333810 1036.69226074219 278.551635742188 1  0
p_0_ 1505333810 1128.43371582031 289.097961425781 1  0
p_0_ 1505333811 1140.9580078125 287.351318359375 2  0
p_0_ 1505333811 1139.62780761719 284.28466796875 1  0
p_0_ 1505333812 1142.81103515625 280.49072265625 1  0
p_0_ 1505333812 1142.19738769531 287.424835205078 1  0
p_0_ 1505333813 1130.591796875 281.682678222656 1  0
p_0_ 1505333813 1154.94396972656 286.189270019531 2  0
p_0_ 1505333814 1141.2451171875 286.621368408203 1  0
p_0_ 1505333814 1151.83752441406 279.034820556641 1  0
p_0_ 1505333815 1148.5634765625 279.836273193359 2  0
a 1505333818 227.637893676758 403.797302246094 1  0
a 1505333818 230.100128173828 403.945983886719 2  0
a 1505333819 224.605499267578 400.165313720703 1  0
a 1505333820 201.568603515625 395.901031494141 1  0
a 1505333821 223.846939086914 393.698608398438 1  0
a 1505333821 213.095687866211 389.827880859375 1  0
a 1505333822 221.606567382812 385.946380615234 1  0
a 1505333822 232.892028808594 381.658508300781 1  0
s 1505333823 335.185333251953 386.75 1  0
s 1505333823 325.783355712891 387.707061767578 1  0
s 1505333824 319.835205078125 382.553436279297 1  0
s 1505333824 309.692047119141 382.866241455078 1  0
s 1505333825 310.979431152344 386.465026855469 1  0
s 1505333826 323.784088134766 389.285125732422 1  0
s 1505333827 320.792907714844 402.424194335938 1  0
s 1505333827 314.561187744141 403.64794921875 1  0
s 1505333828 321.388000488281 395.486755371094 1  0
d 1505333828 430.744171142578 389.060272216797 2  0
d 1505333829 439.179504394531 424.788330078125 3  0
d 1505333829 447.025451660156 416.350708007812 3  0
d 1505333830 442.156646728516 419.585754394531 3  0
d 1505333830 442.745513916016 410.336975097656 1  0
d 1505333831 442.639923095703 398.675628662109 1  0
d 1505333831 441.597290039062 388.689636230469 1  0
d 1505333832 423.441223144531 390.019653320312 1  0
d 1505333832 401.377563476562 390.614196777344 1  0
d 1505333833 436.096435546875 405.5830078125 3  0
f 1505333834 552.722961425781 395.908813476562 2  0
f 1505333834 556.110778808594 408.720886230469 3  0
f 1505333835 521.2177734375 402.413452148438 1  0
f 1505333835 533.492797851562 402.102874755859 1  0
f 1505333836 532.276550292969 394.952117919922 1  0
f 1505333836 521.547668457031 389.830902099609 1  0
f 1505333836 522.197021484375 391.544799804688 1  0
f 1505333837 521.548950195312 392.305786132812 1  0
f 1505333837 520.715087890625 395.380767822266 1  0
f 1505333838 523.618835449219 391.780456542969 1  0
f 1505333838 508.106506347656 393.421020507812 1  0
g 1505333839 630.463134765625 382.562377929688 1  0
g 1505333839 635.007141113281 396.337738037109 1  0
g 1505333840 623.354187011719 383.859558105469 1  0
g 1505333840 624.442199707031 377.227478027344 1  0
g 1505333841 626.061706542969 380.098510742188 1  0
g 1505333841 642.428771972656 394.4833984375 2  0
g 1505333842 653.972290039062 396.003814697266 1  0
g 1505333842 624.253662109375 384.138641357422 1  0
g 1505333843 659.857299804688 385.429779052734 1  0
g 1505333843 659.063354492188 412.226959228516 2  0
h 1505333844 764.135131835938 391.825653076172 1  0
h 1505333844 762.956604003906 394.757049560547 1  0
h 1505333846 753.740112304688 402.961364746094 1  0
h 1505333847 747.718566894531 388.937530517578 1  0
h 1505333849 757.517578125 392.728576660156 1  0
j 1505333850 884.18896484375 434.379852294922 2  0
j 1505333850 843.446655273438 408.112213134766 1  0
j 1505333851 847.69384765625 393.046508789062 1  0
j 1505333851 844.733337402344 393.469116210938 1  0
j 1505333852 852.212097167969 401.002380371094 1  0
j 1505333852 852.357116699219 394.077606201172 1  0
j 1505333853 860.878479003906 390.535827636719 1  0
j 1505333853 846.076354980469 392.64892578125 1  0
j 1505333853 845.329650878906 407.424163818359 1  0
j 1505333854 843.938842773438 396.724853515625 1  0
j 1505333854 849.840576171875 391.273742675781 1  0
k 1505333855 981.693664550781 389.384063720703 1  0
k 1505333856 976.802673339844 398.303283691406 1  0
k 1505333856 979.724182128906 399.480529785156 1  0
k 1505333857 974.380065917969 398.858764648438 1  0
k 1505333857 975.110290527344 388.688537597656 1  0
k 1505333858 969.499938964844 395.360595703125 1  0
k 1505333858 968.158142089844 396.181213378906 1  0
k 1505333858 970.283935546875 392.103088378906 1  0
k 1505333859 970.283935546875 392.103088378906 1  0
k 1505333860 964.410888671875 399.8623046875 1  0
l 1505333861 1087.46325683594 396.41064453125 1  0
l 1505333861 1078.41967773438 389.882873535156 1  0
l 1505333862 1088.17980957031 396.528778076172 1  0
l 1505333862 1065.62463378906 405.144561767578 1  0
l 1505333864 1066.02368164062 391.4423828125 1  0
l 1505333864 1065.85974121094 401.751190185547 1  0
l 1505333865 1068.82434082031 401.328094482422 1  0
l 1505333865 1080.22131347656 394.347930908203 1  0
l 1505333866 1072.53161621094 407.4140625 1  0
z 1505333867 319.126220703125 505.312072753906 1  0
z 1505333868 320.228820800781 519.439392089844 2  0
z 1505333869 318.031646728516 502.02734375 1  0
z 1505333870 333.957397460938 511.548492431641 1  0
z 1505333871 344.517944335938 493.086608886719 1  0
z 1505333872 328.733825683594 501.674713134766 1  0
x 1505333872 450.099548339844 516.525085449219 2  0
x 1505333873 454.216888427734 504.800384521484 1  0
x 1505333873 441.711059570312 522.557434082031 1  0
x 1505333874 441.401947021484 512.974487304688 3  0
x 1505333874 443.014099121094 505.72705078125 3  0
x 1505333875 453.657318115234 511.9609375 3  0
x 1505333875 468.126220703125 525.001770019531 2  0
x 1505333876 397.158905029297 509.520141601562 1  0
x 1505333876 417.543182373047 493.615051269531 1  0
x 1505333877 435.632171630859 495.671966552734 2  0
c 1505333877 527.301513671875 502.312316894531 1  0
c 1505333877 514.342834472656 503.384124755859 1  0
c 1505333878 541.040588378906 504.734130859375 1  0
c 1505333878 540.51513671875 504.777587890625 1  0
c 1505333879 529.403076171875 502.138488769531 1  0
c 1505333880 522.145935058594 499.181365966797 1  0
c 1505333881 529.656005859375 505.675689697266 1  0
c 1505333881 527.456848144531 509.416351318359 1  0
c 1505333882 545.515197753906 500.805847167969 1  0
c 1505333882 538.509765625 501.38525390625 1  0
v 1505333883 645.717529296875 492.51806640625 1  0
v 1505333883 646.776123046875 506.670989990234 1  0
v 1505333884 647.391479492188 510.182006835938 1  0
b 1505333884 741.277465820312 498.857818603516 2  0
v 1505333885 659.826171875 494.910308837891 1  0
v 1505333885 633.366394042969 504.218597412109 1  0
v 1505333886 639.0634765625 507.308654785156 1  0
v 1505333887 624.730895996094 501.906341552734 1  0
v 1505333887 619.624450683594 494.854095458984 1  0
v 1505333888 623.128479003906 494.564300537109 1  0
b 1505333888 751.022644042969 501.614868164062 1  0
b 1505333888 751.548767089844 501.571350097656 1  0
b 1505333889 759.565063476562 486.661651611328 1  0
b 1505333889 745.013366699219 487.865112304688 1  0
b 1505333890 742.307189941406 491.649475097656 1  0
b 1505333890 739.340270996094 492.072845458984 1  0
b 1505333891 742.29833984375 484.707733154297 1  0
b 1505333891 735.841247558594 499.307281494141 1  0
b 1505333892 733.133178710938 489.381652832031 1  0
b 1505333893 742.032958984375 488.111602783203 1  0
n 1505333894 857.911071777344 497.768646240234 1  0
n 1505333894 856.517272949219 500.201202392578 1  0
n 1505333895 851.119323730469 501.182250976562 1  0
n 1505333896 853.772888183594 490.269653320312 1  0
n 1505333896 851.089538574219 494.233367919922 1  0
n 1505333898 839.186889648438 488.9814453125 1  0
n 1505333898 845.692626953125 495.214111328125 1  0
m 1505333899 966.031677246094 488.653350830078 1  0
m 1505333899 970.9814453125 513.936462402344 1  0
m 1505333899 973.060241699219 513.407775878906 1  0
m 1505333900 968.757507324219 527.515991210938 1  0
m 1505333900 948.072021484375 502.265167236328 1  0
m 1505333901 961.600524902344 505.429626464844 1  0
m 1505333902 977.3818359375 514.300598144531 1  0
m 1505333902 974.9990234375 506.999664306641 1  0
m 1505333903 971.796875 521.54833984375 1  0
m 1505333903 967.733947753906 504.744354248047 1  0
back 1505333904 1107.77221679688 499.065948486328 1  0
back 1505333905 1144.359375 496.222198486328 1  0
back 1505333905 1125.52758789062 515.644287109375 3  0
back 1505333906 1116.83422851562 513.502197265625 3  0
back 1505333906 1142.86108398438 493.310302734375 2  0
back 1505333907 1111.91833496094 509.976837158203 3  0
back 1505333907 1123.40002441406 491.526000976562 1  0
back 1505333908 1130.53649902344 504.151275634766 3  0
back 1505333908 1114.07629394531 488.191162109375 1  0
back 1505333908 1129.13671875 500.337127685547 3  0
space 1505333909 629.215576171875 626.749938964844 1  0
space 1505333910 646.194213867188 624.275268554688 1  0
space 1505333910 658.961975097656 612.829956054688 1  0
space 1505333911 656.74609375 623.40576171875 1  0
space 1505333911 660.125305175781 625.995483398438 1  0
space 1505333912 640.850769042969 607.158935546875 1  0
space 1505333912 665.460083007812 605.129943847656 1  0
space 1505333913 644.452514648438 603.281066894531 1  0
space 1505333913 690.448425292969 617.402099609375 1  0
space 1505333914 651.397277832031 606.289428710938 1  0
enter 1505333916 1001.29791259766 602.5478515625 1  0
enter 1505333919 1034.64709472656 596.211120605469 1  0
enter 1505333919 1038.12353515625 599.513793945312 1  0
enter 1505333920 1027.986328125 624.234436035156 1  0
enter 1505333949 1044.87524414062 624.46142578125 1  0
enter 1505333951 1027.61242675781 621.92919921875 1  0
enter 1505333951 1031.07275390625 629.192687988281 1  0
enter 1505333952 1034.99816894531 629.408752441406 1  0
enter 1505333953 1045.18115234375 628.031188964844 1  0
enter 1505333954 1045.97839355469 629.044189453125 1  0
enter 1505333955 1045.291015625 616.880004882812 1  0
