id 1505249677 411.401763916016 406.334716796875 1  0
id 1505249680 467.224243164062 416.110168457031 3  0
id 1505249680 466.511383056641 413.450103759766 2  0
id 1505249680 468.502532958984 415.482330322266 2  2
id 1505249681 464.961547851562 410.153717041016 3  0
id 1505249685 555.558044433594 419.6015625 1  0
id 1505249687 616.854309082031 414.846710205078 1  0
id 1505249689 665.51806640625 410.562530517578 2  0
id 1505249689 696.829772949219 413.715972900391 2  2
id 1505249690 689.136596679688 412.530426025391 2  0
id 1505249691 658.596252441406 408.182739257812 1  0
id 1505249692 638.019653320312 411.185821533203 1  2
id 1505249695 525.916931152344 415.581146240234 1  2
id 1505249695 496.869750976562 416.677093505859 1  2
id 1505249695 483.781921386719 411.743225097656 2  0
id 1505249695 464.466033935547 414.451263427734 1  0
id 1505249695 453.777770996094 415.624633789062 1  2
id 1505249696 466.303344726562 413.991119384766 3  0
id 1505249697 551.4765625 415.818328857422 1  0
id 1505249698 649.161865234375 413.225036621094 1  0
id 1505249698 671.573120117188 408.871887207031 1  2
id 1505249698 674.921630859375 414.785461425781 1  0
id 1505249699 668.970825195312 414.982360839844 1  0
id 1505249699 649.57568359375 414.178344726562 1  2
id 1505249699 636.590515136719 420.401062011719 1  2
id 1505249699 622.826721191406 414.449951171875 2  0
id 1505249699 603.021301269531 416.074798583984 1  0
id 1505249699 583.335693359375 416.236572265625 2  0
id 1505249699 564.513732910156 418.285827636719 1  0
id 1505249699 535.668334960938 418.479522705078 1  2
id 1505249699 503.467315673828 414.714324951172 2  0
id 1505249699 493.929229736328 418.811309814453 2  2
id 1505249699 484.794464111328 414.002685546875 2  2
id 1505249700 470.826263427734 412.597473144531 2  0
id 1505249700 455.838592529297 415.265167236328 1  0
id 1505249700 447.755310058594 410.47802734375 1  0
id 1505249700 466.889404296875 410.150909423828 2  0
id 1505249700 484.405029296875 411.251251220703 1  0
id 1505249701 640.302368164062 411.431488037109 1  2
id 1505249702 674.447692871094 406.024230957031 3  0
id 1505249702 693.682800292969 406.999237060547 2  0
id 1505249702 672.990661621094 404.262268066406 2  0
id 1505249702 656.335327148438 410.810852050781 2  2
id 1505249702 644.444580078125 409.400482177734 1  0
id 1505249702 619.232421875 413.423950195312 2  0
id 1505249702 593.609924316406 412.321472167969 2  2
id 1505249702 570.620300292969 412.097503662109 2  0
id 1505249703 497.831604003906 418.867370605469 1  0
id 1505249703 486.947052001953 410.721740722656 1  2
id 1505249704 440.438690185547 401.830047607422 1  0
id 1505249704 422.967498779297 406.366088867188 1  2
