id 1505246634 535.144104003906 242.080322265625 1  0
id 1505246634 535.156555175781 241.765472412109 1  0
id 1505246634 505.696044921875 257.005004882812 1  0
id 1505246634 495.400817871094 277.071716308594 1  0
id 1505246635 479.077667236328 305.084106445312 1  0
id 1505246635 468.55224609375 320.6240234375 1  2
id 1505246635 468.821258544922 344.520965576172 1  0
id 1505246635 456.517822265625 368.310089111328 1  0
id 1505246636 458.196075439453 434.627624511719 1  2
id 1505246636 483.772186279297 481.756195068359 1  2
id 1505246638 591.50732421875 592.416137695312 1  2
id 1505246638 607.33935546875 599.450622558594 1  2
id 1505246638 625.086730957031 609.263000488281 1  2
id 1505246638 674.887512207031 610.483154296875 1  2
id 1505246639 738.120178222656 590.141418457031 1  2
id 1505246639 750.789306640625 584.527709960938 3  0
id 1505246639 768.8232421875 571.743225097656 1  0
id 1505246639 784.767639160156 558.972106933594 1  2
id 1505246639 793.289855957031 544.912292480469 2  0
id 1505246641 840.359130859375 347.792572021484 1  0
id 1505246641 830.097290039062 307.884857177734 2  0
id 1505246642 813.380798339844 292.650421142578 2  2
id 1505246642 794.2216796875 277.932159423828 1  0
id 1505246642 783.173400878906 268.049346923828 1  2
id 1505246642 766.288330078125 256.334014892578 1  2
id 1505246642 750.367492675781 249.753784179688 1  2
id 1505246642 741.519958496094 242.346755981445 1  2
id 1505246643 684.0224609375 220.229858398438 2  0
id 1505246643 588.423706054688 216.184707641602 1  0
id 1505246643 575.341613769531 222.403472900391 1  2
id 1505246643 565.083435058594 223.521377563477 2  0
id 1505246644 547.949340820312 228.318145751953 2  2
id 1505246644 535.238403320312 236.386627197266 2  2
id 1505246644 512.385009765625 254.836730957031 1  0
id 1505246644 503.7099609375 267.030303955078 1  2
id 1505246644 488.205780029297 295.407470703125 2  0
id 1505246644 489.312835693359 306.377716064453 1  0
id 1505246645 458.803802490234 396.139068603516 1  2
id 1505246645 455.90185546875 409.079559326172 1  2
id 1505246647 509.588836669922 546.497009277344 1  2
id 1505246648 592.623352050781 594.869750976562 1  2
id 1505246648 621.241760253906 606.717346191406 1  2
id 1505246649 707.915771484375 599.689331054688 1  2
id 1505246649 793.492492675781 551.175231933594 1  2
id 1505246650 810.696166992188 533.783874511719 2  0
id 1505246650 818.779663085938 514.674499511719 0  0
id 1505246650 835.022094726562 492.964813232422 0  2
id 1505246650 841.248046875 475.935394287109 1  0
id 1505246651 847.198791503906 421.697998046875 0  0
id 1505246651 857.779174804688 393.065399169922 0  2
id 1505246651 863.933837890625 350.764587402344 0  2
id 1505246651 857.917358398438 339.087066650391 0  2
id 1505246651 848.356079101562 322.697204589844 0  2
id 1505246652 840.988952636719 306.191467285156 0  0
id 1505246652 830.575439453125 284.879669189453 0  2
id 1505246652 823.696716308594 275.833648681641 0  2
id 1505246652 809.751342773438 258.545257568359 0  0
id 1505246652 801.138305664062 251.312088012695 0  2
id 1505246652 790.333984375 237.862579345703 0  2
id 1505246652 777.977294921875 232.613952636719 0  2
id 1505246652 765.9306640625 224.566360473633 0  2
id 1505246652 744.82666015625 217.267181396484 0  0
id 1505246652 732.023742675781 211.229141235352 0  0
id 1505246653 698.6669921875 196.611694335938 0  0
id 1505246653 674.262268066406 201.385498046875 0  0
id 1505246653 629.926513671875 208.507339477539 1  0
id 1505246653 609.947692871094 211.263732910156 1  2
id 1505246654 584.265686035156 217.303344726562 1  2
id 1505246654 589.118041992188 222.679595947266 1  0
id 1505246654 557.519714355469 228.40234375 1  2
id 1505246654 540.138854980469 233.557159423828 1  2
id 1505246654 526.128295898438 249.679885864258 1  2
id 1505246655 458.524322509766 352.192352294922 1  2
id 1505246655 454.812622070312 364.931243896484 1  0
id 1505246655 458.390472412109 389.181793212891 1  0
id 1505246655 458.189788818359 408.012664794922 1  0
id 1505246656 465.614593505859 441.871063232422 1  0
id 1505246657 567.096252441406 581.187683105469 1  2
id 1505246657 573.818542480469 588.364807128906 1  2
id 1505246657 584.417053222656 587.549743652344 1  2
id 1505246658 616.579467773438 604.8701171875 1  2
id 1505246658 699.952880859375 606.346984863281 1  2
id 1505246658 708.824890136719 599.923583984375 1  2
id 1505246659 745.483642578125 592.699829101562 1  2
id 1505246659 775.591125488281 565.514587402344 1  2
id 1505246659 779.316345214844 559.397766113281 1  2
id 1505246660 808.351501464844 528.498107910156 0  0
id 1505246660 820.994323730469 514.553100585938 0  2
id 1505246660 834.559692382812 499.28076171875 0  2
id 1505246660 827.724365234375 487.390319824219 1  0
id 1505246660 841.80322265625 463.030944824219 0  0
id 1505246660 844.835205078125 435.565704345703 0  2
id 1505246661 855.765625 428.866058349609 0  2
id 1505246661 851.000793457031 417.170227050781 0  2
id 1505246661 851.350646972656 373.016082763672 1  0
id 1505246661 850.263732910156 363.405212402344 1  2
id 1505246662 819.669311523438 291.705261230469 0  0
id 1505246662 806.679565429688 272.328369140625 0  2
id 1505246662 790.809936523438 256.364562988281 1  0
id 1505246662 775.438720703125 248.898300170898 0  0
id 1505246663 730.022888183594 217.289566040039 1  0
id 1505246663 696.7900390625 215.783905029297 1  2
id 1505246663 693.773986816406 203.793365478516 1  2
id 1505246663 685.444274902344 196.851150512695 1  2
id 1505246663 657.855102539062 197.184066772461 1  2
id 1505246664 653.476867675781 198.387786865234 1  0
id 1505246664 636.413391113281 197.850875854492 1  2
id 1505246664 589.976989746094 211.946578979492 1  2
id 1505246664 580.660095214844 222.165023803711 1  2
id 1505246664 561.012023925781 233.426544189453 1  2
id 1505246664 547.582580566406 233.817489624023 1  2
id 1505246664 541.59033203125 242.646118164062 1  0
id 1505246666 455.436157226562 360.306182861328 1  0
id 1505246666 453.381744384766 407.023559570312 1  0
id 1505246667 475.827758789062 498.319976806641 1  0
id 1505246667 483.636993408203 508.592376708984 1  2
id 1505246667 523.282775878906 551.050231933594 1  2
id 1505246668 627.50244140625 608.468078613281 1  2
id 1505246668 652.025085449219 606.067016601562 1  2
id 1505246669 754.260009765625 584.263549804688 1  2
id 1505246670 802.225524902344 535.079833984375 1  2
id 1505246670 817.146362304688 523.060974121094 1  2
id 1505246670 822.188415527344 511.640686035156 1  2
id 1505246670 826.424072265625 499.262145996094 0  0
id 1505246671 860.496826171875 424.90234375 1  0
id 1505246671 848.472473144531 417.467742919922 1  2
id 1505246671 860.406066894531 408.738525390625 1  0
id 1505246671 842.218200683594 324.567138671875 1  2
id 1505246672 778.025390625 243.780639648438 1  2
id 1505246672 772.241394042969 236.290100097656 1  0
id 1505246673 681.949584960938 204.722564697266 1  0
id 1505246673 628.766662597656 204.335479736328 1  2
id 1505246673 597.530944824219 212.101776123047 1  2
id 1505246673 577.177368164062 217.541885375977 1  0
id 1505246673 575.517822265625 220.902145385742 1  0
id 1505246674 563.949096679688 226.29313659668 1  2
id 1505246674 526.456848144531 253.107513427734 1  2
id 1505246675 454.649383544922 366.116668701172 1  0
id 1505246675 444.371826171875 406.23193359375 1  2
id 1505246676 470.976959228516 493.471832275391 1  2
id 1505246676 538.941284179688 560.101440429688 1  2
id 1505246677 585.505920410156 583.74951171875 1  2
id 1505246677 615.434143066406 602.456909179688 1  2
id 1505246677 626.718139648438 605.995239257812 1  2
id 1505246677 643.766174316406 600.359252929688 1  2
id 1505246677 656.717163085938 601.251342773438 1  2
id 1505246677 672.498474121094 601.653930664062 1  2
id 1505246677 685.977111816406 604.919677734375 1  2
id 1505246678 728.419128417969 594.035522460938 1  0
id 1505246678 739.405029296875 590.756164550781 1  2
id 1505246678 765.546142578125 577.11962890625 1  2
id 1505246678 789.105224609375 554.0166015625 1  2
id 1505246678 792.5322265625 548.348999023438 1  2
id 1505246678 802.60888671875 537.147033691406 1  0
id 1505246679 815.106018066406 522.772338867188 1  2
id 1505246679 831.825805664062 478.717529296875 1  2
id 1505246679 847.081176757812 458.271057128906 2  0
id 1505246680 846.287048339844 354.306518554688 1  0
id 1505246680 821.034484863281 296.411102294922 1  2
id 1505246681 789.037902832031 255.561645507812 2  0
id 1505246681 772.757995605469 244.136688232422 1  0
id 1505246681 764.664001464844 236.392578125 1  2
id 1505246682 643.868591308594 215.180435180664 1  2
id 1505246682 637.857604980469 212.27099609375 1  2
id 1505246682 613.69970703125 219.689819335938 1  2
id 1505246682 592.699951171875 222.591506958008 1  2
id 1505246682 565.814208984375 231.82258605957 1  2
id 1505246682 553.922119140625 237.426788330078 1  2
id 1505246682 542.018676757812 237.894622802734 1  2
id 1505246682 528.118774414062 253.555221557617 1  2
id 1505246682 499.084106445312 275.159027099609 1  2
id 1505246683 484.709655761719 291.104705810547 1  2
id 1505246683 475.143341064453 304.396850585938 1  2
id 1505246683 450.966583251953 362.504302978516 1  0
id 1505246683 451.940948486328 376.607727050781 1  2
id 1505246683 446.388702392578 410.579956054688 1  0
id 1505246684 469.237915039062 494.866607666016 1  0
id 1505246684 485.810607910156 521.760314941406 1  0
id 1505246685 563.180847167969 583.209411621094 1  2
id 1505246686 628.621765136719 604.216613769531 1  2
id 1505246686 638.078125 597.252807617188 1  2
id 1505246686 670.044982910156 604.311584472656 1  2
id 1505246686 702.893188476562 599.000610351562 1  2
id 1505246686 718.452941894531 595.150390625 1  2
id 1505246686 728.006225585938 589.526245117188 1  2
id 1505246686 742.798278808594 585.805725097656 1  2
id 1505246686 785.370483398438 556.242553710938 1  2
id 1505246687 792.377075195312 541.871765136719 1  2
id 1505246687 802.6787109375 534.145202636719 1  2
id 1505246687 821.000427246094 504.301422119141 2  0
id 1505246687 832.454040527344 486.494262695312 1  0
id 1505246687 847.028869628906 416.040771484375 1  2
id 1505246687 859.127990722656 410.828460693359 1  2
id 1505246688 847.888488769531 393.177642822266 1  2
id 1505246688 830.8505859375 309.298095703125 1  2
id 1505246688 818.100280761719 294.086517333984 1  2
id 1505246688 810.894226074219 284.215789794922 1  2
id 1505246689 772.929443359375 242.534561157227 1  0
id 1505246689 749.346923828125 222.724899291992 1  2
id 1505246689 676.46240234375 210.628814697266 1  2
id 1505246689 663.3623046875 210.801803588867 1  2
id 1505246690 646.371887207031 211.978881835938 1  2
id 1505246690 631.201049804688 213.477325439453 1  2
id 1505246690 611.69140625 219.420928955078 1  2
id 1505246690 598.626037597656 221.325973510742 2  0
id 1505246690 579.126647949219 226.999465942383 1  0
id 1505246690 568.221252441406 232.839508056641 1  2
id 1505246690 553.933288574219 237.585479736328 1  2
id 1505246690 539.200866699219 246.283294677734 1  2
id 1505246690 524.615539550781 256.7021484375 1  2
id 1505246690 503.812591552734 267.088500976562 1  2
id 1505246690 494.662811279297 284.552856445312 1  2
id 1505246690 484.090209960938 295.491241455078 1  2
id 1505246691 442.77587890625 349.030548095703 1  2
id 1505246691 437.908996582031 388.842132568359 1  2
id 1505246691 446.408660888672 437.425720214844 1  2
id 1505246691 457.995361328125 453.999877929688 1  2
id 1505246691 460.963562011719 474.668823242188 1  2
