q_ 1505251210 136.987533569336 264.69189453125 1  0
q_ 1505251229 155.972839355469 269.404998779297 2  0
q_ 1505251230 149.617202758789 273.498748779297 2  0
q_ 1505251230 134.402359008789 274.498992919922 2  0
q_ 1505251231 133.212631225586 284.886596679688 2  0
q_ 1505251232 141.838973999023 284.395172119141 2  0
q_ 1505251242 147.774063110352 266.090087890625 2  0
q_ 1505251248 190.467269897461 253.869552612305 1  0
q_ 1505251249 167.088073730469 254.989624023438 2  0
q_ 1505251251 164.65266418457 259.296356201172 1  0
w_ 1505251252 276.355834960938 278.012512207031 2  0
w_ 1505251252 272.541778564453 261.796234130859 1  0
w_ 1505251252 278.345611572266 264.444305419922 1  0
w_ 1505251253 261.643127441406 261.948333740234 2  0
w_ 1505251253 284.430236816406 263.631805419922 1  0
w_ 1505251254 256.643249511719 255.973968505859 2  0
w_ 1505251255 285.316925048828 256.512786865234 1  0
w_ 1505251256 286.675231933594 246.263565063477 1  0
w_ 1505251256 271.359497070312 254.322769165039 2  0
w_ 1505251256 287.376861572266 246.55322265625 1  0
w_ 1505251285 260.357238769531 265.657623291016 1  0
w_ 1505251285 271.50341796875 264.111450195312 1  0
w_ 1505251286 259.766784667969 261.921051025391 2  0
w_ 1505251286 259.081451416016 251.661071777344 2  0
w_ 1505251286 275.5673828125 243.340454101562 1  0
w_ 1505251293 252.050140380859 284.178070068359 1  0
w_ 1505251294 274.058746337891 276.812927246094 1  0
w_ 1505251294 259.194396972656 283.973876953125 2  0
w_ 1505251295 251.246932983398 264.468292236328 2  0
w_ 1505251295 267.181427001953 260.661926269531 1  0
e_ 1505251299 372.654144287109 285.089935302734 2  0
e_ 1505251299 371.952941894531 274.805511474609 2  0
e_ 1505251300 383.280090332031 270.31787109375 2  0
e_ 1505251301 384.218597412109 274.036590576172 2  0
e_ 1505251301 360.838531494141 282.376678466797 2  0
e_ 1505251302 378.289916992188 277.420715332031 1  0
e_ 1505251303 362.124755859375 278.660369873047 2  0
e_ 1505251304 377.354064941406 263.7099609375 1  0
e_ 1505251304 372.133972167969 257.394439697266 2  0
e_ 1505251305 367.560821533203 250.514755249023 2  0
r_ 1505251306 492.136199951172 285.264007568359 1  0
r_ 1505251307 490.323699951172 281.431274414062 2  0
r_ 1505251307 506.965667724609 283.612396240234 2  0
r_ 1505251308 489.061248779297 268.235565185547 2  0
r_ 1505251309 494.355804443359 267.829498291016 1  0
r_ 1505251309 496.360107421875 274.408508300781 1  0
r_ 1505251309 489.541168212891 265.264709472656 2  0
r_ 1505251310 490.939849853516 268.091491699219 1  0
r_ 1505251310 487.298980712891 255.255416870117 2  0
r_ 1505251311 482.218872070312 268.587829589844 1  0
r_ 1505251312 478.692230224609 262.301055908203 1  0
r_ 1505251312 473.2060546875 262.377319335938 2  0
t_ 1505251313 603.046203613281 269.868560791016 1  0
t_ 1505251314 576.932434082031 268.409942626953 2  0
t_ 1505251314 597.771301269531 263.528656005859 1  0
t_ 1505251315 578.828491210938 268.437652587891 2  0
t_ 1505251316 594.832458496094 270.670227050781 1  0
t_ 1505251317 576.932434082031 268.409942626953 2  0
t_ 1505251317 602.8017578125 266.428588867188 1  0
t_ 1505251318 605.359802246094 273.323608398438 1  0
t_ 1505251319 587.209167480469 267.622833251953 2  0
t_ 1505251319 582.25390625 268.17529296875 2  0
y_ 1505251320 713.066101074219 268.204406738281 1  0
y_ 1505251321 719.504272460938 278.283386230469 1  0
y_ 1505251321 703.555908203125 265.813262939453 1  0
y_ 1505251322 714.315795898438 254.423217773438 1  0
y_ 1505251323 722.386657714844 253.631439208984 1  0
y_ 1505251324 720.945190429688 250.450714111328 1  0
y_ 1505251324 691.451965332031 241.806594848633 2  0
y_ 1505251325 712.06787109375 254.422348022461 1  0
y_ 1505251326 689.721618652344 256.135131835938 2  0
y_ 1505251326 692.909851074219 252.427841186523 2  0
u_ 1505251327 830.539611816406 287.005096435547 1  0
u_ 1505251328 805.457946777344 285.786743164062 1  0
u_ 1505251328 812.177856445312 292.220855712891 1  0
u_ 1505251329 829.258605957031 297.871643066406 1  0
u_ 1505251330 810.630187988281 294.769378662109 1  0
u_ 1505251331 809.763916015625 287.716186523438 1  0
u_ 1505251331 837.127197265625 282.162170410156 1  0
u_ 1505251332 821.376892089844 266.347259521484 2  0
u_ 1505251333 809.631774902344 267.070281982422 1  0
u_ 1505251333 814.255432128906 273.312805175781 1  0
i_ 1505251334 926.6376953125 279.178619384766 1  0
i_ 1505251335 930.360961914062 282.37451171875 1  0
i_ 1505251335 934.638488769531 274.395721435547 1  0
i_ 1505251336 923.794311523438 269.134490966797 1  0
i_ 1505251337 912.010864257812 269.858306884766 2  0
i_ 1505251338 900.490173339844 274.03857421875 1  0
i_ 1505251338 927.07080078125 268.711029052734 1  0
i_ 1505251338 910.2060546875 273.646667480469 2  0
i_ 1505251339 916.683898925781 269.502288818359 1  0
i_ 1505251340 897.652160644531 264.000152587891 1  0
i_ 1505251340 926.231201171875 262.167755126953 1  0
o_ 1505251341 1017.43511962891 269.141204833984 1  0
o_ 1505251342 1025.55163574219 274.794647216797 1  0
o_ 1505251342 1011.13226318359 268.924041748047 1  0
o_ 1505251343 1008.1875 276.113861083984 1  0
o_ 1505251344 1014.81115722656 275.959014892578 1  0
o_ 1505251344 1053.82922363281 283.452941894531 1  0
o_ 1505251345 1022.20825195312 279.055297851562 1  0
o_ 1505251346 1027.60046386719 285.615509033203 1  0
o_ 1505251346 1036.50427246094 280.932403564453 1  0
o_ 1505251347 1030.86682128906 278.049530029297 1  0
p_ 1505251348 1134.97900390625 291.266052246094 2  0
p_ 1505251348 1133.12731933594 287.739837646484 1  0
p_ 1505251349 1144.36291503906 283.39794921875 2  0
p_ 1505251350 1131.00646972656 280.743713378906 1  0
p_ 1505251350 1140.42163085938 286.838897705078 1  0
p_ 1505251351 1125.13232421875 270.544219970703 1  0
p_ 1505251352 1125.13232421875 270.544219970703 1  0
p_ 1505251352 1130.4677734375 273.803649902344 1  0
p_ 1505251353 1147.85009765625 283.133972167969 2  0
p_ 1505251354 1155.74438476562 271.885955810547 2  0
a 1505251355 217.91535949707 401.415771484375 1  0
a 1505251355 208.001235961914 395.784484863281 1  0
a 1505251356 227.682586669922 394.479309082031 2  0
a 1505251356 218.050338745117 398.303833007812 1  0
a 1505251357 217.823455810547 394.874755859375 1  0
a 1505251357 212.894973754883 395.072509765625 1  0
a 1505251358 226.006652832031 387.195953369141 2  0
a 1505251359 201.943466186523 376.261932373047 2  0
a 1505251360 216.689315795898 377.733795166016 1  0
a 1505251360 215.91943359375 371.247711181641 1  0
a 1505251361 213.161972045898 370.767028808594 1  0
s 1505251362 330.986968994141 394.492340087891 1  0
s 1505251362 323.186737060547 398.011383056641 1  0
s 1505251363 314.522430419922 398.832916259766 1  0
s 1505251364 320.546508789062 391.822906494141 2  0
s 1505251364 319.766235351562 385.323669433594 1  0
s 1505251364 328.747741699219 384.131408691406 2  0
s 1505251365 322.174468994141 388.076568603516 1  0
s 1505251366 330.607818603516 383.819061279297 1  0
s 1505251366 331.918640136719 380.441589355469 1  0
s 1505251367 327.058166503906 376.838134765625 1  0
s 1505251368 320.78466796875 367.476776123047 1  0
d 1505251368 425.229125976562 387.42919921875 1  0
d 1505251369 442.300201416016 386.149780273438 1  0
d 1505251370 436.929077148438 382.921417236328 1  0
d 1505251370 429.837463378906 387.083831787109 1  0
d 1505251371 430.155181884766 386.714202880859 1  0
d 1505251372 428.370513916016 383.217559814453 2  0
d 1505251372 431.7841796875 382.961517333984 1  0
d 1505251372 416.584228515625 383.928833007812 1  0
d 1505251373 416.7880859375 374.408325195312 1  0
d 1505251373 422.220184326172 381.086120605469 2  0
d 1505251373 434.096710205078 366.712524414062 1  0
d 1505251374 411.593627929688 371.170227050781 1  0
d 1505251374 418.213104248047 380.177001953125 1  0
f 1505251375 535.097534179688 385.775848388672 2  0
f 1505251375 542.214538574219 389.054077148438 1  0
f 1505251376 549.285217285156 391.643829345703 1  0
f 1505251376 552.494018554688 388.285308837891 1  0
f 1505251377 543.915466308594 388.753692626953 2  0
f 1505251377 541.803283691406 383.195526123047 1  0
f 1505251378 545.374389648438 385.006683349609 1  0
f 1505251378 528.296325683594 386.977661132812 1  0
f 1505251379 531.938232421875 389.822631835938 2  0
f 1505251380 537.063903808594 389.26611328125 1  0
f 1505251380 528.754821777344 393.524719238281 2  0
f 1505251381 551.294555664062 388.375 1  0
g 1505251382 658.69140625 394.228240966797 1  0
g 1505251382 642.211975097656 388.515808105469 2  0
g 1505251383 667.600646972656 400.335418701172 1  0
g 1505251384 644.658264160156 398.572479248047 2  0
g 1505251384 667.352783203125 396.881164550781 1  0
g 1505251385 659.979064941406 390.486907958984 1  0
g 1505251386 662.130310058594 393.971801757812 1  0
g 1505251386 660.347717285156 390.806579589844 1  0
g 1505251387 644.658264160156 398.572479248047 1  0
g 1505251387 644.386840820312 394.774383544922 2  0
h 1505251388 757.080383300781 397.323211669922 1  0
h 1505251389 750.000915527344 400.110443115234 1  0
h 1505251390 760.096801757812 395.881408691406 2  0
h 1505251390 754.974914550781 382.701873779297 2  0
h 1505251392 758.053588867188 382.124359130859 1  0
h 1505251393 755.824462890625 382.464660644531 1  0
h 1505251393 746.530395507812 385.765594482422 1  0
h 1505251394 770.884765625 384.470275878906 1  0
h 1505251395 765.246643066406 388.020599365234 2  0
j 1505251395 875.546203613281 387.636322021484 1  0
j 1505251397 866.643493652344 391.956970214844 1  0
j 1505251398 861.233093261719 384.696044921875 2  0
j 1505251398 864.602600097656 378.523956298828 1  0
j 1505251398 853.512634277344 386.141815185547 1  0
j 1505251399 857.017517089844 388.84130859375 1  0
j 1505251400 858.438049316406 375.153350830078 1  0
j 1505251400 855.74853515625 385.801177978516 2  0
j 1505251401 859.625427246094 388.821319580078 1  0
j 1505251402 851.110473632812 388.932678222656 1  0
j 1505251402 858.709655761719 392.895294189453 1  0
k 1505251403 977.570190429688 395.050079345703 1  0
k 1505251404 984.8779296875 394.682342529297 1  0
k 1505251405 973.670837402344 385.043731689453 1  0
k 1505251405 990.489440917969 394.964294433594 1  0
k 1505251406 982.687255859375 384.198822021484 1  0
k 1505251407 992.111511230469 379.48388671875 2  0
k 1505251408 981.690551757812 380.259460449219 1  0
k 1505251409 980.759704589844 377.188140869141 1  0
k 1505251410 974.482849121094 377.306640625 1  0
k 1505251410 970.342712402344 377.9638671875 1  0
l 1505251411 1097.3203125 382.317810058594 1  0
l 1505251412 1067.03015136719 398.549774169922 1  0
l 1505251413 1086.54309082031 383.4677734375 1  0
l 1505251414 1085.22912597656 386.886688232422 1  0
l 1505251416 1087.50817871094 382.347198486328 1  0
l 1505251416 1085.33752441406 379.187377929688 1  0
l 1505251417 1083.38024902344 383.352996826172 1  0
l 1505251418 1081.79907226562 383.295562744141 1  0
shift 1505251419 183.119277954102 504.377410888672 1  0
shift 1505251419 176.033432006836 495.060363769531 2  0
shift 1505251420 172.021011352539 496.218383789062 1  0
shift 1505251420 174.099563598633 499.344268798828 1  0
shift 1505251424 166.997924804688 513.155456542969 2  0
shift 1505251425 180.747985839844 489.018615722656 1  0
z 1505251427 317.621887207031 493.117401123047 1  0
z 1505251428 329.509674072266 491.725250244141 1  0
z 1505251428 329.068328857422 485.184020996094 2  0
z 1505251428 329.277374267578 488.282348632812 1  0
z 1505251429 324.155822753906 488.485900878906 2  0
z 1505251430 317.088897705078 485.200469970703 1  0
z 1505251430 322.162750244141 484.308349609375 1  0
z 1505251431 322.394683837891 487.750518798828 1  0
z 1505251432 330.899566650391 486.9521484375 2  0
z 1505251432 316.857208251953 481.7587890625 1  0
z 1505251433 332.916931152344 491.474975585938 1  0
x 1505251434 442.826019287109 493.454284667969 1  0
x 1505251434 450.544158935547 493.235260009766 1  0
x 1505251435 449.311431884766 492.805572509766 1  0
x 1505251436 459.732849121094 484.4130859375 1  0
x 1505251436 430.163299560547 489.183441162109 1  0
x 1505251437 438.373962402344 503.661773681641 1  0
x 1505251438 433.820465087891 497.407684326172 1  0
x 1505251439 420.572601318359 494.565673828125 1  0
x 1505251439 429.39501953125 483.001892089844 2  0
x 1505251440 448.871154785156 506.362030029297 1  0
x 1505251441 440.658172607422 496.906799316406 1  0
x 1505251442 433.101257324219 496.940399169922 1  0
x 1505251443 430.825073242188 493.814056396484 1  0
x 1505251444 445.452728271484 499.156158447266 1  0
x 1505251447 447.127624511719 478.579437255859 1  0
x 1505251447 434.910858154297 483.289642333984 2  0
x 1505251449 447.361999511719 496.935821533203 1  0
x 1505251449 433.879760742188 498.27001953125 2  0
x 1505251449 440.717529296875 497.769226074219 1  0
x 1505251450 433.761169433594 496.545379638672 1  0
x 1505251452 439.689453125 492.817504882812 1  0
x 1505251452 429.023071289062 497.585723876953 2  0
x 1505251452 403.492248535156 495.817840576172 2  0
x 1505251453 436.947357177734 490.418731689453 1  0
x 1505251454 440.083618164062 503.536712646484 1  0
x 1505251455 439.953033447266 501.639190673828 1  0
x 1505251455 443.068237304688 494.476684570312 2  0
x 1505251456 441.978454589844 496.116638183594 1  0
x 1505251457 439.278656005859 496.834442138672 1  0
x 1505251457 446.117492675781 496.333465576172 1  0
c 1505251458 542.064575195312 499.897064208984 1  0
c 1505251459 554.658508300781 502.450592041016 1  0
c 1505251460 544.542297363281 495.895385742188 1  0
c 1505251461 541.83447265625 496.614410400391 1  0
c 1505251465 567.214782714844 494.584320068359 1  0
c 1505251465 559.730712890625 505.902221679688 1  0
c 1505251466 552.854553222656 506.230285644531 1  0
c 1505251467 539.130859375 507.231903076172 1  0
c 1505251468 536.294677734375 486.42919921875 1  0
c 1505251469 545.518371582031 517.188903808594 1  0
c 1505251470 540.773498535156 520.83544921875 1  0
c 1505251471 538.656555175781 517.688598632812 2  0
c 1505251472 541.360534667969 507.069152832031 1  0
c 1505251473 560.073852539062 505.877197265625 1  0
c 1505251475 540.480651855469 504.354522705078 1  0
c 1505251476 543.698669433594 493.69970703125 2  0
c 1505251478 563.771362304688 492.230682373047 1  0
c 1505251479 544.229919433594 503.733337402344 2  0
v 1505251482 665.018493652344 501.872650146484 1  0
v 1505251483 657.317199707031 495.822326660156 1  0
v 1505251483 655.008911132812 502.254577636719 1  0
v 1505251484 653.375366210938 506.027923583984 1  0
v 1505251485 662.390380859375 508.677734375 1  0
v 1505251485 658.947021484375 508.928497314453 2  0
v 1505251485 662.390380859375 508.677734375 1  0
v 1505251486 653.375366210938 506.027923583984 1  0
v 1505251486 651.81396484375 505.967620849609 1  0
v 1505251487 655.008911132812 502.254577636719 1  0
v 1505251488 667.715881347656 508.115875244141 1  0
v 1505251488 662.390380859375 508.677734375 2  0
v 1505251489 654.44189453125 499.164001464844 1  0
b 1505251490 765.860168457031 501.142547607422 2  0
b 1505251491 756.524169921875 518.384094238281 2  0
b 1505251492 769.374389648438 520.765319824219 2  0
b 1505251492 753.616394042969 528.53466796875 2  0
b 1505251493 770.583801269531 520.677612304688 1  0
b 1505251494 770.553894042969 510.739135742188 1  0
b 1505251494 760.573791503906 497.692810058594 1  0
b 1505251495 761.967956542969 497.765563964844 1  0
b 1505251496 757.624938964844 504.879852294922 1  0
b 1505251496 765.674743652344 500.981781005859 1  0
n 1505251497 891.294189453125 498.645355224609 1  0
n 1505251497 889.979309082031 502.060089111328 1  0
n 1505251498 889.720703125 498.585144042969 1  0
n 1505251499 887.826477050781 498.897552490234 1  0
n 1505251499 853.996704101562 500.834045410156 1  0
n 1505251500 878.067077636719 498.908752441406 1  0
n 1505251501 885.994750976562 495.362854003906 1  0
n 1505251501 857.678100585938 494.106781005859 1  0
n 1505251502 870.911315917969 503.445831298828 2  0
n 1505251503 867.445617675781 503.697692871094 1  0
n 1505251503 863.465576171875 497.002532958984 2  0
m 1505251504 983.458251953125 500.690185546875 1  0
m 1505251505 970.618591308594 501.972106933594 1  0
m 1505251505 979.239501953125 505.020599365234 1  0
m 1505251506 975.761962890625 505.272827148438 1  0
m 1505251507 971.858764648438 523.054260253906 2  0
m 1505251507 965.331665039062 506.029327392578 1  0
m 1505251508 970.172485351562 523.876098632812 2  0
m 1505251509 985.526184082031 504.914520263672 1  0
m 1505251509 988.478210449219 497.701171875 1  0
m 1505251509 982.841674804688 501.784790039062 2  0
m 1505251510 990.065063476562 490.937530517578 1  0
m 1505251510 974.653625488281 513.751892089844 2  0
m 1505251510 982.578674316406 498.3046875 1  0
back 1505251511 1116.38793945312 508.926635742188 2  0
back 1505251511 1101.89624023438 509.974670410156 1  0
back 1505251512 1117.35437011719 505.524505615234 2  0
back 1505251513 1107.84460449219 502.881134033203 1  0
back 1505251513 1108.5556640625 496.167236328125 1  0
back 1505251514 1113.77856445312 488.77587890625 1  0
back 1505251514 1125.22546386719 498.290161132812 1  0
back 1505251516 1112.04724121094 495.914001464844 2  0
back 1505251516 1122.52416992188 495.154205322266 1  0
back 1505251517 1122.52416992188 495.154205322266 1  0
back 1505251518 1128.71899414062 498.036987304688 2  0
space 1505251518 668.381164550781 628.684692382812 1  0
space 1505251519 677.945129394531 617.009460449219 1  0
space 1505251520 674.387268066406 620.578552246094 1  0
space 1505251520 681.037292480469 616.614990234375 1  0
space 1505251521 677.8046875 610.213745117188 1  0
space 1505251522 681.3623046875 606.644775390625 1  0
space 1505251522 698.613830566406 605.41455078125 1  0
space 1505251523 694.947082519531 612.308532714844 1  0
space 1505251523 705.194458007812 614.89599609375 1  0
space 1505251524 705.409545898438 608.246643066406 1  0
enter 1505251525 1058.4599609375 600.291870117188 1  0
enter 1505251525 1065.44067382812 599.796264648438 1  0
enter 1505251526 1048.24865722656 597.506042480469 1  0
enter 1505251527 1024.35144042969 592.185668945312 1  0
enter 1505251527 1013.63720703125 596.456481933594 1  0
enter 1505251528 1018.71636962891 582.58837890625 1  0
enter 1505251528 1021.40771484375 585.729125976562 1  0
enter 1505251529 1017.92248535156 585.977478027344 1  0
enter 1505251529 1048.76245117188 590.448669433594 2  0
enter 1505251529 1029.17297363281 581.842712402344 1  0
enter 1505251530 1025.68713378906 582.091247558594 1  0
enter 1505251530 1018.27099609375 585.95263671875 1  0
