id 1505250608 646.779174804688 196.661087036133 2  0
id 1505250608 638.367126464844 204.397720336914 1  0
id 1505250608 613.049926757812 207.050674438477 1  2
id 1505250608 575.300476074219 223.442672729492 1  2
id 1505250608 559.8486328125 228.780364990234 1  0
id 1505250608 548.825073242188 233.429412841797 1  2
id 1505250609 521.588500976562 251.928039550781 1  0
id 1505250609 516.576232910156 258.873657226562 1  2
id 1505250609 504.183166503906 263.450500488281 1  2
id 1505250609 495.688720703125 274.632537841797 1  2
id 1505250609 491.647674560547 285.646697998047 1  2
id 1505250609 475.747314453125 313.801177978516 1  0
id 1505250609 471.927612304688 337.934600830078 1  2
id 1505250609 464.145324707031 359.437286376953 1  0
id 1505250609 452.791107177734 398.855804443359 1  0
id 1505250609 460.647064208984 442.931823730469 1  0
id 1505250610 461.702911376953 468.1484375 1  0
id 1505250610 475.304901123047 480.842254638672 1  2
id 1505250610 490.835174560547 521.171203613281 1  2
id 1505250610 510.025390625 539.573791503906 1  2
id 1505250610 520.543090820312 552.01806640625 1  2
id 1505250610 518.143920898438 562.099182128906 1  2
id 1505250610 561.642028808594 592.023071289062 1  2
id 1505250611 611.402221679688 601.699279785156 1  2
id 1505250611 629.069396972656 597.125 1  2
id 1505250611 634.187255859375 603.383422851562 1  2
id 1505250611 666.515014648438 597.760864257812 1  2
id 1505250611 676.859008789062 597.021667480469 1  2
id 1505250611 746.197570800781 591.368286132812 3  0
id 1505250611 761.643127441406 583.976867675781 3  2
id 1505250611 776.063659667969 567.226745605469 3  2
id 1505250612 805.469970703125 524.779418945312 1  0
id 1505250612 831.630065917969 499.668548583984 1  2
id 1505250612 839.657592773438 485.821624755859 1  2
id 1505250612 852.324157714844 431.178588867188 1  2
id 1505250612 850.157348632812 420.707489013672 1  0
id 1505250612 850.796203613281 382.339416503906 1  0
id 1505250612 850.398010253906 358.174407958984 1  2
id 1505250612 851.69091796875 347.463745117188 1  2
id 1505250613 822.268493652344 325.507019042969 1  2
id 1505250613 837.367065429688 313.590972900391 1  2
id 1505250613 792.60693359375 261.951232910156 1  2
id 1505250613 758.863830566406 253.088851928711 1  2
id 1505250613 748.787414550781 243.116989135742 1  2
id 1505250613 738.926147460938 233.654159545898 1  2
id 1505250613 727.853698730469 224.116928100586 1  0
id 1505250613 714.645874023438 220.80793762207 1  2
id 1505250613 676.028198242188 207.530654907227 2  0
id 1505250614 660.875549316406 208.012115478516 1  0
id 1505250614 625.706787109375 210.561874389648 1  2
id 1505250614 629.037658691406 213.759857177734 1  0
id 1505250614 620.210693359375 218.071273803711 1  2
id 1505250614 595.600708007812 223.255722045898 1  2
id 1505250614 563.922546386719 242.626556396484 1  2
id 1505250614 550.718688964844 250.551239013672 1  0
id 1505250615 511.607208251953 281.184936523438 1  0
id 1505250615 499.998046875 292.089782714844 1  2
id 1505250615 478.231231689453 324.84228515625 1  0
id 1505250615 461.952667236328 357.527954101562 1  0
id 1505250615 463.535888671875 395.284332275391 1  0
id 1505250615 460.764892578125 409.854095458984 1  0
id 1505250615 460.918609619141 426.980072021484 1  2
id 1505250616 461.072296142578 444.112670898438 1  0
id 1505250616 460.204956054688 451.452056884766 1  2
id 1505250616 468.238037109375 468.186950683594 1  2
id 1505250616 480.737915039062 484.778503417969 1  0
id 1505250616 479.377990722656 494.937774658203 1  2
id 1505250616 508.996246337891 529.747436523438 1  2
id 1505250616 531.634155273438 547.913330078125 1  2
id 1505250617 558.999694824219 578.984802246094 1  2
id 1505250617 563.075988769531 595.228088378906 1  2
id 1505250617 618.740844726562 597.863586425781 1  2
id 1505250617 645.12744140625 611.147033691406 3  0
id 1505250618 658.912963867188 610.164428710938 3  2
id 1505250618 656.17431640625 598.499816894531 1  0
id 1505250618 669.509155273438 600.861022949219 1  2
id 1505250618 680.307739257812 596.775207519531 1  2
id 1505250618 748.033874511719 597.523986816406 3  0
id 1505250618 748.84375 594.322509765625 3  2
id 1505250619 774.665344238281 586.189208984375 3  2
id 1505250619 783.789916992188 563.528625488281 3  2
id 1505250619 817.788208007812 517.254272460938 2  0
id 1505250619 822.631530761719 500.323394775391 2  2
id 1505250620 827.473937988281 360.761352539062 1  0
id 1505250620 830.674377441406 357.04248046875 1  2
id 1505250620 826.708312988281 350.382568359375 2  0
id 1505250621 825.94287109375 340.006500244141 2  0
id 1505250621 806.125854492188 292.5068359375 1  0
id 1505250621 799.727294921875 285.701873779297 1  0
id 1505250621 788.324279785156 269.737884521484 1  2
id 1505250621 755.546691894531 247.970230102539 2  0
id 1505250621 749.165588378906 241.182098388672 1  0
id 1505250622 736.114013671875 235.42919921875 2  0
id 1505250622 725.042663574219 225.891708374023 1  0
id 1505250622 715.483154296875 222.820388793945 1  2
id 1505250622 704.881286621094 217.235229492188 1  2
id 1505250622 675.231811523438 208.45686340332 1  0
id 1505250622 645.313232421875 207.488616943359 1  0
id 1505250622 625.497985839844 205.222320556641 1  0
id 1505250622 612.756225585938 202.928161621094 1  0
id 1505250622 599.578186035156 213.793701171875 1  0
id 1505250623 537.052185058594 232.266632080078 1  0
id 1505250623 510.657745361328 257.774566650391 1  0
id 1505250624 484.376068115234 294.663513183594 1  0
id 1505250624 466.894866943359 319.828582763672 1  0
id 1505250624 461.255065917969 337.532409667969 1  2
id 1505250624 457.517059326172 417.53857421875 1  0
id 1505250625 462.841613769531 444.847747802734 1  0
id 1505250625 470.314636230469 468.380645751953 1  0
id 1505250625 477.875396728516 478.225891113281 1  0
id 1505250625 482.734436035156 498.681854248047 1  0
id 1505250626 512.424255371094 529.498291015625 1  2
id 1505250626 529.063842773438 558.007751464844 1  2
id 1505250626 552.704406738281 582.743408203125 1  0
id 1505250626 585.702270507812 590.298828125 1  2
id 1505250627 654.858825683594 601.9072265625 1  2
id 1505250627 682.441284179688 599.937561035156 1  2
id 1505250627 686.171325683594 596.356201171875 1  2
id 1505250627 715.7197265625 587.612548828125 1  0
id 1505250627 711.166687011719 584.622985839844 1  2
id 1505250628 772.049133300781 566.9912109375 2  0
id 1505250628 795.613159179688 556.392028808594 2  2
id 1505250629 838.094909667969 469.363250732422 1  0
id 1505250629 842.864624023438 449.133850097656 1  2
id 1505250629 860.825317382812 437.873687744141 1  0
id 1505250629 858.362365722656 383.516784667969 1  2
id 1505250629 832.598510742188 371.339080810547 2  0
id 1505250629 846.6455078125 349.756103515625 1  0
id 1505250630 843.131408691406 332.800994873047 2  0
id 1505250630 821.828918457031 296.00341796875 1  0
id 1505250630 815.171325683594 285.742370605469 1  0
id 1505250630 772.978759765625 247.1533203125 1  0
id 1505250631 733.307373046875 223.003890991211 2  0
id 1505250631 669.018371582031 213.260406494141 1  0
id 1505250631 635.317810058594 205.152359008789 1  0
id 1505250631 628.460754394531 205.683700561523 1  2
id 1505250631 614.7509765625 206.746063232422 2  0
id 1505250632 554.153381347656 230.946563720703 1  0
id 1505250632 542.234191894531 242.397354125977 1  0
id 1505250632 497.277984619141 262.944885253906 1  0
id 1505250632 491.163818359375 273.770782470703 2  0
id 1505250633 477.441711425781 298.646179199219 2  0
id 1505250633 473.876190185547 309.107025146484 2  0
id 1505250633 446.410125732422 321.384063720703 1  0
id 1505250633 467.371368408203 326.702484130859 2  0
id 1505250633 456.651092529297 382.652893066406 2  0
id 1505250634 452.718536376953 452.525115966797 2  0
id 1505250634 439.012908935547 470.513000488281 1  0
id 1505250634 451.696716308594 497.485260009766 1  0
id 1505250635 471.032531738281 516.019226074219 1  0
id 1505250635 532.779968261719 554.436157226562 2  0
id 1505250635 531.582214355469 564.433044433594 1  0
id 1505250635 554.190856933594 579.330383300781 1  0
id 1505250635 560.776733398438 582.163696289062 1  0
id 1505250636 583.983093261719 590.422058105469 1  0
id 1505250636 595.685668945312 599.512329101562 1  0
id 1505250636 616.220886230469 601.354919433594 1  0
id 1505250636 647.214965820312 599.140075683594 1  2
id 1505250636 700.252563476562 592.034606933594 1  0
id 1505250636 721.523559570312 583.881286621094 1  0
id 1505250637 766.344482421875 567.40087890625 1  0
id 1505250637 771.154724121094 557.104370117188 1  0
id 1505250638 838.094909667969 469.363250732422 1  0
id 1505250638 840.47998046875 459.247863769531 1  2
id 1505250638 840.993713378906 442.646881103516 1  2
id 1505250638 838.586364746094 419.472503662109 2  0
id 1505250638 858.890747070312 404.727447509766 1  0
id 1505250638 864.315856933594 386.382141113281 2  0
id 1505250639 820.220520019531 330.701995849609 1  0
id 1505250639 802.079345703125 296.460388183594 1  0
id 1505250639 786.274536132812 279.610290527344 1  0
id 1505250639 778.873718261719 273.234619140625 1  2
id 1505250639 746.399169921875 241.22135925293 1  0
id 1505250639 724.751831054688 229.030624389648 1  0
id 1505250640 698.39697265625 213.58366394043 2  0
id 1505250640 642.236267089844 200.641998291016 1  0
id 1505250641 606.919799804688 203.208129882812 1  0
id 1505250641 533.142028808594 235.329956054688 2  0
id 1505250641 507.480377197266 261.471099853516 2  0
id 1505250643 445.219116210938 448.403564453125 1  0
id 1505250643 451.113372802734 469.101806640625 1  0
id 1505250643 464.330902099609 496.213195800781 1  0
id 1505250644 485.014312744141 511.7021484375 1  0
id 1505250644 481.929931640625 521.819702148438 1  0
id 1505250644 507.282379150391 529.872009277344 1  0
id 1505250644 545.596008300781 560.117980957031 1  0
id 1505250644 552.178283691406 562.947692871094 1  0
id 1505250644 568.216125488281 575.015686035156 1  0
id 1505250644 585.590698242188 593.615783691406 1  0
