id 1505248369 424.17138671875 404.679748535156 1  0
id 1505248369 430.823150634766 402.997680664062 2  0
id 1505248370 448.67724609375 403.933197021484 2  0
id 1505248371 486.999816894531 396.259124755859 1  0
id 1505248371 490.181518554688 399.542694091797 1  0
id 1505248371 506.195831298828 399.020080566406 1  0
id 1505248371 513.36767578125 402.547760009766 1  0
id 1505248372 516.216125488281 400.971618652344 1  0
id 1505248372 518.160766601562 400.881988525391 2  0
id 1505248372 530.383239746094 400.389739990234 1  0
id 1505248372 539.202514648438 403.389556884766 1  0
id 1505248372 566.894714355469 403.154296875 1  0
id 1505248374 654.412109375 402.055389404297 1  2
id 1505248374 668.1064453125 401.493988037109 2  0
id 1505248375 702.304931640625 401.011810302734 1  0
id 1505248386 715.66845703125 393.801666259766 1  0
id 1505248386 711.775451660156 405.8212890625 1  2
id 1505248387 668.342163085938 407.4580078125 1  2
id 1505248387 659.193176269531 414.505920410156 1  2
id 1505248387 657.892700195312 409.624298095703 1  0
id 1505248387 650.240356445312 413.434356689453 1  0
id 1505248388 639.812561035156 412.6064453125 2  0
id 1505248388 624.988037109375 413.416931152344 1  0
id 1505248388 609.706848144531 418.105651855469 1  2
id 1505248390 514.801574707031 418.400146484375 1  2
id 1505248390 468.264373779297 412.492095947266 2  0
id 1505248390 445.236267089844 412.127105712891 1  0
id 1505248390 444.017425537109 407.494171142578 1  0
id 1505248391 437.168151855469 412.773742675781 2  0
id 1505248391 409.473236083984 414.024444580078 1  0
id 1505248391 438.680938720703 416.217864990234 2  0
id 1505248391 440.430419921875 410.291473388672 1  0
id 1505248392 464.567047119141 418.456390380859 1  2
id 1505248393 608.549560546875 409.590911865234 2  0
id 1505248394 633.543762207031 412.287872314453 1  0
id 1505248394 654.3798828125 409.653900146484 2  0
id 1505248394 675.406494140625 414.846038818359 2  2
id 1505248394 701.440124511719 414.554565429688 2  0
id 1505248396 685.435363769531 407.077758789062 1  0
id 1505248396 671.293701171875 411.098236083984 2  0
id 1505248396 626.671325683594 408.973510742188 1  0
id 1505248397 593.087036132812 411.435211181641 1  2
id 1505248399 457.177062988281 412.911041259766 1  2
id 1505248399 413.819885253906 411.754730224609 1  2
id 1505248400 405.766204833984 409.977874755859 1  0
id 1505248400 409.923400878906 414.336761474609 1  0
id 1505248400 410.027008056641 411.677398681641 1  0
id 1505248401 484.402526855469 412.167175292969 1  2
id 1505248403 589.827087402344 414.635711669922 1  0
id 1505248403 646.340270996094 406.996368408203 1  0
id 1505248404 658.259704589844 414.748870849609 1  2
id 1505248404 702.931640625 415.230133056641 1  2
id 1505248405 669.680053710938 413.478912353516 2  0
id 1505248405 657.16357421875 409.099609375 2  2
id 1505248405 652.2255859375 407.73046875 1  0
id 1505248406 601.498657226562 411.544250488281 2  0
id 1505248407 599.5478515625 410.6943359375 1  0
id 1505248408 520.370971679688 416.966644287109 1  2
id 1505248408 505.032836914062 417.292388916016 1  2
id 1505248410 440.071929931641 405.284210205078 1  0
id 1505248410 420.689422607422 410.949829101562 1  2
id 1505248410 437.799133300781 406.228240966797 2  0
id 1505248411 460.017883300781 408.278015136719 1  0
id 1505248411 496.954223632812 406.265167236328 1  2
id 1505248411 505.832275390625 402.029571533203 1  2
id 1505248412 553.542785644531 412.223480224609 1  2
id 1505248414 583.880859375 414.094604492188 1  0
id 1505248414 587.006469726562 415.703521728516 1  0
id 1505248414 584.322448730469 410.154510498047 1  0
id 1505248414 590.918090820312 414.371978759766 1  0
id 1505248415 628.345031738281 412.052307128906 1  2
id 1505248415 641.544677734375 413.038726806641 1  0
id 1505248416 674.876525878906 416.164123535156 1  2
id 1505248416 698.054565429688 411.619842529297 1  0
id 1505248416 709.458251953125 411.878997802734 1  2
