id 1505333449 405.205718994141 403.018646240234 1  0
id 1505333450 437.522644042969 395.742126464844 1  2
id 1505333450 461.953674316406 393.714996337891 1  0
id 1505333450 478.232208251953 395.545959472656 1  2
id 1505333450 486.911041259766 391.644226074219 1  2
id 1505333450 500.33837890625 390.353302001953 1  2
id 1505333451 539.718933105469 390.975067138672 1  2
id 1505333451 552.328552246094 390.459350585938 1  2
id 1505333451 580.525207519531 391.656951904297 1  2
id 1505333451 605.237365722656 393.144744873047 1  0
id 1505333451 633.416259765625 391.515106201172 1  0
id 1505333451 646.770874023438 393.769439697266 1  2
id 1505333451 680.888000488281 391.470764160156 1  0
id 1505333451 685.270690917969 391.284240722656 1  0
id 1505333452 695.542236328125 394.503570556641 2  0
id 1505333452 685.592041015625 395.505767822266 2  0
id 1505333452 674.239685058594 403.529510498047 1  0
id 1505333452 658.429260253906 401.475982666016 1  2
id 1505333452 628.52880859375 403.778259277344 1  2
id 1505333452 609.492980957031 405.533630371094 1  2
id 1505333452 559.801147460938 406.291107177734 2  0
id 1505333452 540.3193359375 404.190521240234 1  0
id 1505333452 505.139831542969 403.570037841797 1  2
id 1505333452 493.153137207031 407.925323486328 1  2
id 1505333452 464.70361328125 410.461608886719 1  2
id 1505333452 443.508728027344 408.681823730469 1  2
id 1505333452 427.718536376953 406.277954101562 1  2
id 1505333452 392.5634765625 405.481536865234 2  0
id 1505333453 388.835510253906 402.255828857422 2  0
id 1505333453 406.283264160156 400.808227539062 1  0
id 1505333453 423.974060058594 402.875732421875 1  2
id 1505333453 440.752624511719 401.83740234375 1  2
id 1505333453 451.224731445312 400.968658447266 1  2
id 1505333453 461.697357177734 400.099884033203 1  2
id 1505333453 491.284149169922 401.35888671875 1  0
id 1505333453 523.889038085938 405.376281738281 1  2
id 1505333453 538.091857910156 397.653045654297 1  2
id 1505333453 558.1484375 402.888916015625 1  2
id 1505333453 587.509155273438 400.630828857422 1  2
id 1505333453 613.640258789062 402.180389404297 2  0
id 1505333453 686.371643066406 396.503295898438 1  0
id 1505333454 690.51318359375 395.451782226562 1  0
id 1505333454 657.899047851562 394.439208984375 1  2
id 1505333454 642.096008300781 392.387634277344 1  2
id 1505333454 594.219482421875 389.106079101562 1  0
id 1505333454 576.754760742188 390.554931640625 1  2
id 1505333454 541.039733886719 389.804748535156 2  0
id 1505333454 527.072692871094 390.963531494141 1  0
id 1505333454 516.34716796875 388.318054199219 1  2
id 1505333454 507.856994628906 392.380950927734 1  2
id 1505333454 474.270812988281 391.632537841797 1  2
id 1505333454 463.799774169922 392.501373291016 1  2
id 1505333454 435.798919677734 391.114166259766 2  0
id 1505333454 434.296813964844 394.772705078125 1  0
id 1505333454 448.256378173828 393.614410400391 1  2
id 1505333454 499.61474609375 399.96044921875 1  2
id 1505333454 521.069580078125 405.256225585938 1  2
id 1505333455 541.608093261719 407.44580078125 1  2
id 1505333455 585.719604492188 414.587219238281 2  0
id 1505333455 602.264282226562 410.028137207031 2  2
id 1505333455 655.677734375 409.318939208984 1  0
id 1505333455 670.984680175781 404.684844970703 1  2
id 1505333455 687.876647949219 400.096771240234 2  0
id 1505333455 701.136535644531 398.643127441406 1  0
id 1505333455 671.11962890625 404.142395019531 1  0
id 1505333455 648.206115722656 405.864990234375 2  0
id 1505333455 575.999633789062 411.497436523438 2  2
id 1505333455 558.015869140625 405.908111572266 1  0
id 1505333455 532.827819824219 397.735931396484 2  0
id 1505333455 475.010894775391 402.178131103516 1  0
id 1505333455 458.892272949219 400.155822753906 1  2
id 1505333455 417.426513671875 399.530303955078 2  0
id 1505333455 410.206695556641 396.594940185547 1  0
id 1505333456 421.843627929688 402.522155761719 1  0
id 1505333456 445.286590576172 403.936584472656 1  2
id 1505333456 512.173278808594 398.741882324219 1  2
id 1505333456 539.438232421875 396.833862304688 1  2
id 1505333456 631.648376464844 403.165466308594 1  0
id 1505333456 648.802673339844 402.09716796875 1  2
id 1505333456 677.766479492188 396.685791015625 2  0
id 1505333456 684.570129394531 395.944610595703 2  0
id 1505333456 670.463623046875 400.123992919922 1  0
id 1505333456 645.46533203125 395.116424560547 2  0
id 1505333456 601.349182128906 395.236389160156 2  2
id 1505333456 558.984436035156 395.03564453125 2  2
id 1505333456 508.082000732422 395.544708251953 2  2
id 1505333456 466.769165039062 402.331329345703 1  0
id 1505333456 431.374176025391 398.1962890625 1  2
id 1505333456 420.662994384766 395.550567626953 1  2
id 1505333457 447.672973632812 400.379364013672 1  2
id 1505333457 474.684509277344 405.034881591797 1  2
id 1505333457 519.396118164062 401.503143310547 1  2
id 1505333457 550.76123046875 402.793762207031 2  0
id 1505333457 584.885803222656 410.406677246094 1  0
id 1505333457 654.422302246094 401.9853515625 1  2
id 1505333457 685.913513183594 399.728240966797 2  0
id 1505333457 679.378540039062 399.384765625 1  0
id 1505333457 628.515686035156 403.602233886719 2  0
id 1505333457 599.829956054688 405.626831054688 1  0
id 1505333457 550.881652832031 399.599243164062 1  2
id 1505333457 524.246276855469 398.094024658203 1  2
id 1505333457 459.204620361328 399.599548339844 1  2
id 1505333457 419.562957763672 402.534637451172 1  2
id 1505333457 406.140533447266 393.575317382812 1  2
id 1505333457 435.106994628906 401.421844482422 2  0
id 1505333457 456.540466308594 406.716644287109 1  0
id 1505333457 483.385528564453 411.389251708984 1  2
id 1505333458 510.753265380859 405.934936523438 1  2
id 1505333458 625.194519042969 410.96044921875 1  0
id 1505333458 654.925415039062 408.672882080078 1  2
id 1505333458 706.626403808594 408.284332275391 1  0
id 1505333458 652.523254394531 404.798797607422 1  0
id 1505333458 625.680114746094 403.306274414062 1  2
id 1505333458 541.333801269531 396.322967529297 1  2
id 1505333458 494.115905761719 396.703308105469 1  2
id 1505333458 473.143798828125 398.089538574219 1  2
id 1505333458 434.864227294922 397.90673828125 1  2
id 1505333458 417.980377197266 402.489105224609 1  2
id 1505333458 415.525238037109 402.516052246094 1  2
id 1505333458 447.486175537109 400.218109130859 1  2
id 1505333458 476.231140136719 404.552856445312 1  2
id 1505333458 531.782104492188 400.298950195312 1  2
id 1505333458 563.729675292969 404.726470947266 1  2
id 1505333458 614.159240722656 404.438659667969 1  2
id 1505333459 663.361206054688 403.900207519531 2  0
id 1505333459 681.87841796875 402.187774658203 2  0
id 1505333459 673.7314453125 399.144866943359 1  0
id 1505333459 627.925964355469 395.686218261719 2  0
id 1505333459 583.012878417969 399.234252929688 2  2
id 1505333459 529.855346679688 393.031066894531 2  2
id 1505333459 505.413330078125 395.058807373047 1  0
id 1505333459 466.112670898438 397.965667724609 2  0
id 1505333459 444.949188232422 396.539794921875 1  0
id 1505333459 414.574432373047 398.883270263672 1  2
id 1505333459 390.147888183594 400.909942626953 1  0
id 1505333459 411.084747314453 399.172821044922 1  0
id 1505333459 446.227844238281 399.792205810547 1  0
id 1505333459 470.338714599609 398.145416259766 1  2
id 1505333460 525.445068359375 400.117004394531 1  2
id 1505333460 574.399108886719 404.018615722656 2  0
id 1505333460 617.990783691406 403.943878173828 1  0
id 1505333460 648.126831054688 404.809112548828 1  2
id 1505333460 670.367004394531 403.496398925781 1  2
