id 1505325140 642.771179199219 202.245498657227 1  0
id 1505325141 654.083312988281 203.260238647461 1  2
id 1505325141 661.630126953125 256.699676513672 1  2
id 1505325141 663.914794921875 268.798492431641 1  2
id 1505325142 657.923767089844 284.541259765625 1  0
id 1505325142 658.537536621094 294.226928710938 1  0
id 1505325142 654.923522949219 306.37939453125 1  2
id 1505325142 659.708068847656 328.048706054688 1  2
id 1505325142 655.538635253906 380.662231445312 1  0
id 1505325142 659.450805664062 406.447845458984 1  2
id 1505325143 658.137573242188 427.767486572266 1  0
id 1505325143 659.248046875 489.678375244141 1  0
id 1505325143 658.104248046875 516.371520996094 1  2
id 1505325143 656.83056640625 527.009399414062 1  2
id 1505325144 660.991394042969 557.990478515625 1  2
id 1505325144 653.01513671875 589.027099609375 1  0
id 1505325145 659.079833984375 609.454711914062 1  2
id 1505325145 660.037231445312 598.863403320312 1  2
id 1505325145 663.26025390625 575.229675292969 1  2
id 1505325145 656.826721191406 515.896057128906 2  0
id 1505325145 658.001037597656 497.869934082031 1  0
id 1505325145 652.905517578125 485.824127197266 1  2
id 1505325145 651.283203125 455.992797851562 1  0
id 1505325145 658.251831054688 438.502777099609 1  2
id 1505325145 656.811828613281 421.377807617188 1  2
id 1505325146 657.638488769531 315.426300048828 1  2
id 1505325146 657.624816894531 304.974731445312 1  2
id 1505325146 661.540893554688 282.703247070312 1  0
id 1505325146 653.321838378906 249.750442504883 1  0
id 1505325146 650.812194824219 219.808990478516 1  2
id 1505325147 659.371459960938 199.483444213867 1  0
id 1505325147 656.006530761719 209.850051879883 1  0
id 1505325147 654.213806152344 231.723678588867 1  0
id 1505325147 656.640380859375 244.695755004883 1  2
id 1505325147 654.45263671875 297.433074951172 1  2
id 1505325147 655.794067382812 307.994354248047 1  2
id 1505325147 658.171569824219 329.034515380859 1  2
id 1505325147 648.153503417969 350.921508789062 1  2
id 1505325148 652.251342773438 365.097442626953 1  2
id 1505325148 652.4111328125 402.1796875 1  2
id 1505325148 659.135498046875 417.807373046875 1  2
id 1505325148 648.159484863281 422.274169921875 1  2
id 1505325148 659.467346191406 497.112060546875 1  2
id 1505325148 663.599487304688 513.251892089844 1  2
id 1505325149 654.468017578125 585.707397460938 1  2
id 1505325149 655.861389160156 596.163818359375 1  2
id 1505325149 654.384155273438 583.785888671875 1  2
id 1505325150 652.197387695312 552.008666992188 1  2
id 1505325150 656.674072265625 536.549743652344 1  2
id 1505325150 654.537658691406 525.663024902344 1  0
id 1505325150 649.90673828125 510.591644287109 1  2
id 1505325150 657.012023925781 459.464691162109 1  2
id 1505325150 664.735534667969 436.313659667969 1  0
id 1505325150 660.356994628906 411.985382080078 1  0
id 1505325150 663.2333984375 366.001953125 1  0
id 1505325151 652.902404785156 261.9931640625 1  0
id 1505325151 651.583557128906 216.87629699707 1  0
id 1505325151 656.053100585938 215.08674621582 1  0
id 1505325151 656.666137695312 246.551956176758 1  2
id 1505325151 657.504577636719 270.514221191406 1  2
id 1505325151 658.511413574219 286.234436035156 1  2
id 1505325152 654.522399902344 307.786224365234 1  2
id 1505325152 655.557739257812 326.621978759766 1  2
id 1505325152 649.513732910156 367.518005371094 1  2
id 1505325152 656.28662109375 383.554931640625 1  2
id 1505325152 651.420104980469 400.510528564453 1  2
id 1505325152 647.532897949219 413.442077636719 1  2
id 1505325152 655.985900878906 429.963531494141 1  0
id 1505325152 650.3935546875 445.097778320312 1  2
id 1505325152 650.565307617188 462.296661376953 1  0
id 1505325152 654.129699707031 485.953308105469 1  2
id 1505325152 659.825073242188 504.066009521484 1  2
id 1505325152 657.818420410156 527.771423339844 1  2
id 1505325152 664.057678222656 539.005859375 1  2
id 1505325152 656.376403808594 561.736328125 1  2
id 1505325153 654.648132324219 581.07958984375 1  0
id 1505325153 675.203918457031 581.108093261719 1  2
id 1505325153 677.038146972656 544.051513671875 1  2
id 1505325153 674.939025878906 515.7666015625 1  2
id 1505325154 658.572204589844 474.958190917969 1  0
id 1505325154 655.875671386719 454.063781738281 1  2
id 1505325154 658.302551269531 441.715942382812 1  2
id 1505325154 656.979370117188 425.348693847656 1  2
id 1505325154 657.333251953125 413.000335693359 1  2
id 1505325154 653.931518554688 384.636260986328 1  2
id 1505325154 658.485229492188 363.327728271484 1  2
id 1505325154 653.898010253906 286.557189941406 1  2
id 1505325154 652.56982421875 259.066589355469 1  2
id 1505325155 653.820495605469 237.026489257812 1  2
id 1505325155 650.326110839844 213.256332397461 1  0
id 1505325155 655.699890136719 248.354461669922 1  2
id 1505325155 654.119323730469 261.057342529297 1  2
id 1505325155 658.294372558594 295.193450927734 1  0
id 1505325155 658.881225585938 319.239135742188 0  0
id 1505325155 655.690795898438 332.314727783203 1  0
id 1505325155 654.140502929688 354.284454345703 1  2
id 1505325155 656.935119628906 377.180084228516 1  2
id 1505325155 661.447326660156 391.247375488281 0  0
id 1505325155 660.164916992188 402.035400390625 1  0
id 1505325155 661.592590332031 418.620574951172 0  0
id 1505325156 662.378295898438 431.046600341797 0  2
id 1505325156 670.958557128906 450.084259033203 0  2
id 1505325156 663.099426269531 456.918426513672 1  0
id 1505325156 661.178039550781 488.370056152344 0  0
id 1505325156 666.18115234375 540.849914550781 1  0
id 1505325157 655.906188964844 593.405822753906 1  0
id 1505325157 660.05517578125 578.930480957031 0  0
id 1505325157 659.503540039062 568.108459472656 0  2
id 1505325157 663.604431152344 548.542602539062 0  2
id 1505325157 659.72412109375 518.027954101562 0  0
id 1505325157 655.882385253906 461.68310546875 0  0
id 1505325157 659.4140625 414.734222412109 0  0
id 1505325157 659.428649902344 396.113250732422 0  2
id 1505325157 659.874938964844 379.398834228516 0  2
id 1505325157 660.183654785156 366.185821533203 0  2
id 1505325157 657.424011230469 355.695709228516 1  0
id 1505325157 655.118530273438 341.603729248047 0  0
id 1505325157 653.637023925781 308.505157470703 1  0
id 1505325158 655.145874023438 260.273284912109 1  0
id 1505325158 657.629577636719 239.105316162109 1  2
id 1505325158 653.349182128906 214.016372680664 1  0
id 1505325158 651.521545410156 234.557571411133 1  2
id 1505325158 651.440734863281 346.944030761719 0  0
id 1505325158 649.976013183594 375.132690429688 1  0
id 1505325158 650.765686035156 395.497650146484 1  2
id 1505325158 653.177124023438 415.461883544922 1  2
id 1505325158 651.007873535156 435.666534423828 0  0
id 1505325158 657.328063964844 468.950164794922 1  0
id 1505325158 659.8515625 505.6591796875 1  0
id 1505325159 653.430114746094 529.097229003906 0  0
id 1505325159 650.900512695312 546.388732910156 0  2
