id 1505250577 642.861511230469 606.077026367188 2  0
id 1505250577 634.402893066406 630.747741699219 1  0
id 1505250577 647.035278320312 579.62890625 3  0
id 1505250577 653.299743652344 529.183288574219 1  0
id 1505250577 647.539794921875 516.372131347656 2  0
id 1505250577 647.04541015625 509.447174072266 1  0
id 1505250577 642.862060546875 460.537811279297 1  2
id 1505250578 644.897705078125 450.308166503906 1  2
id 1505250578 649.816345214844 432.049377441406 1  2
id 1505250578 645.465576171875 390.528747558594 1  0
id 1505250578 643.985290527344 369.819976806641 2  0
id 1505250578 644.5546875 348.794250488281 2  2
id 1505250578 643.81494140625 338.448913574219 1  0
id 1505250578 643.491149902344 324.262573242188 1  2
id 1505250578 644.1376953125 313.991668701172 1  2
id 1505250578 644.060302734375 303.258209228516 1  2
id 1505250578 638.487609863281 283.251281738281 2  0
id 1505250578 655.84619140625 275.001678466797 1  0
id 1505250578 641.012023925781 241.359817504883 2  0
id 1505250578 656.213073730469 222.37678527832 1  0
id 1505250579 639.858825683594 196.334320068359 2  0
id 1505250579 643.380798339844 216.625625610352 2  2
id 1505250579 659.573486328125 225.921829223633 1  0
id 1505250579 646.074340820312 244.602661132812 2  0
id 1505250579 645.674926757812 258.299987792969 2  2
id 1505250579 663.77783203125 267.643798828125 1  0
id 1505250579 665.509338378906 291.754302978516 1  2
id 1505250579 648.9580078125 313.799407958984 2  0
id 1505250579 654.121459960938 337.671356201172 2  2
id 1505250579 653.55419921875 358.695129394531 2  2
id 1505250580 654.295471191406 369.047058105469 2  2
id 1505250580 654.548461914062 411.204193115234 2  2
id 1505250580 656.431091308594 418.184509277344 1  0
id 1505250580 657.915649414062 438.921203613281 1  2
id 1505250580 660.542236328125 456.281463623047 1  0
id 1505250580 658.834106445312 480.750915527344 1  2
id 1505250580 660.072631835938 498.057037353516 2  0
id 1505250580 663.613586425781 518.510864257812 1  0
id 1505250580 663.631469726562 528.434020996094 1  2
id 1505250580 651.463012695312 576.173889160156 3  0
id 1505250580 652.287109375 575.591918945312 2  0
id 1505250581 647.530944824219 589.005676269531 3  0
id 1505250581 657.937377929688 555.320617675781 1  0
id 1505250581 653.299743652344 529.183288574219 1  2
id 1505250581 656.726135253906 519.011413574219 1  2
id 1505250581 655.071899414062 505.556213378906 1  2
id 1505250581 655.2236328125 488.320709228516 1  2
id 1505250581 636.772644042969 472.109802246094 2  0
id 1505250582 655.121704101562 428.877105712891 1  0
id 1505250582 654.795715332031 414.658874511719 1  2
id 1505250582 639.005310058594 377.478393554688 2  0
id 1505250582 640.240539550781 363.336975097656 2  2
id 1505250582 654.694152832031 355.314300537109 1  0
id 1505250582 652.22412109375 320.829223632812 1  2
id 1505250582 652.376159667969 303.665618896484 1  2
id 1505250582 651.557373046875 282.600341796875 1  2
id 1505250582 650.077209472656 261.942413330078 1  2
id 1505250582 651.137817382812 247.846176147461 1  2
id 1505250583 648.841125488281 206.178359985352 1  2
id 1505250583 652.124572753906 261.612579345703 1  2
id 1505250583 651.063903808594 275.713165283203 1  2
id 1505250583 648.201782226562 293.591430664062 1  2
id 1505250584 651.578369140625 331.102996826172 1  2
id 1505250584 656.328552246094 358.833618164062 1  0
id 1505250584 656.177185058594 376.01953125 1  2
id 1505250584 657.826477050781 457.002990722656 1  2
id 1505250584 655.966247558594 498.704742431641 2  0
id 1505250584 657.8681640625 515.620971679688 1  0
id 1505250585 645.061340332031 564.088256835938 3  0
id 1505250585 646.5478515625 592.213928222656 3  2
id 1505250585 640.454406738281 620.898132324219 1  0
id 1505250585 640.1533203125 602.085571289062 3  0
id 1505250586 647.620483398438 565.994689941406 2  0
id 1505250586 635.2255859375 574.203674316406 3  0
id 1505250586 648.730651855469 542.74755859375 1  0
id 1505250586 645.271484375 533.073120117188 1  2
id 1505250586 640.656005859375 516.872741699219 1  2
id 1505250586 641.041931152344 493.184265136719 1  2
id 1505250586 641.689880371094 482.876251220703 1  2
id 1505250586 638.744384765625 451.283142089844 1  2
id 1505250586 644.38818359375 433.493286132812 1  2
id 1505250587 641.01171875 318.559539794922 1  0
id 1505250587 640.51904296875 311.667694091797 1  2
id 1505250587 640.350036621094 280.339538574219 1  2
id 1505250587 640.504089355469 263.194915771484 2  0
id 1505250587 648.844299316406 244.735595703125 1  0
id 1505250587 649.736267089844 237.921340942383 1  2
id 1505250588 658.991027832031 261.086547851562 1  2
id 1505250588 641.195861816406 280.101928710938 1  0
id 1505250588 637.021484375 301.368591308594 1  2
id 1505250588 653.133483886719 323.879669189453 1  2
id 1505250588 633.621337890625 335.925262451172 2  0
id 1505250588 651.504516601562 359.022613525391 1  0
id 1505250588 650.19580078125 369.701354980469 1  2
id 1505250588 632.888732910156 405.523803710938 2  0
id 1505250588 649.800048828125 422.149963378906 1  0
id 1505250588 648.490112304688 432.842315673828 1  2
id 1505250588 628.417358398438 451.870849609375 2  0
id 1505250588 628.186401367188 465.614440917969 2  2
id 1505250588 648.093200683594 485.36376953125 1  0
id 1505250588 653.929992675781 508.945770263672 1  2
id 1505250588 657.885498046875 525.542541503906 1  2
id 1505250589 657.920043945312 545.392395019531 1  2
id 1505250589 655.652160644531 562.106018066406 1  2
id 1505250589 657.972045898438 575.183654785156 1  2
