id 1505246634 539.164123535156 232.966644287109 1  0
id 1505246634 529.602722167969 233.87712097168 1  0
id 1505246634 501.65380859375 246.903656005859 1  0
id 1505246634 490.360992431641 272.106048583984 1  0
id 1505246635 476.106903076172 294.258361816406 1  0
id 1505246635 471.799255371094 311.337646484375 1  2
id 1505246635 470.688018798828 334.917755126953 1  0
id 1505246635 446.671447753906 357.469879150391 1  0
id 1505246636 456.598846435547 419.164794921875 1  2
id 1505246636 470.493743896484 470.967468261719 1  2
id 1505246638 560.776733398438 582.163696289062 1  2
id 1505246638 580.82861328125 587.339660644531 1  2
id 1505246638 604.053344726562 595.603576660156 1  2
id 1505246638 655.140380859375 598.57373046875 1  2
id 1505246639 718.630187988281 577.457458496094 1  2
id 1505246639 758.759216308594 587.326782226562 3  0
id 1505246639 740.745544433594 559.292785644531 1  0
id 1505246639 768.599731445312 550.655700683594 1  2
id 1505246639 796.249206542969 553.203002929688 2  0
id 1505246641 844.488220214844 341.742340087891 1  0
id 1505246641 822.67236328125 298.023773193359 2  0
id 1505246642 819.255249023438 286.994598388672 2  2
id 1505246642 816.271118164062 265.3486328125 1  0
id 1505246642 796.141479492188 255.783142089844 1  2
id 1505246642 772.314880371094 247.550964355469 1  2
id 1505246642 763.862670898438 240.919784545898 1  2
id 1505246642 744.701293945312 232.170516967773 1  2
id 1505246643 678.077758789062 209.619995117188 2  0
id 1505246643 587.692504882812 204.008636474609 1  0
id 1505246643 562.1552734375 212.720275878906 1  2
id 1505246643 555.313415527344 213.250244140625 2  0
id 1505246644 554.435729980469 210.556991577148 2  2
id 1505246644 543.591491699219 225.030197143555 2  2
id 1505246644 504.039123535156 241.716049194336 1  0
id 1505246644 499.861968994141 245.833786010742 1  2
id 1505246644 490.800231933594 280.876892089844 2  0
id 1505246644 479.684692382812 291.395294189453 1  0
id 1505246645 457.517120361328 382.760864257812 1  2
id 1505246645 455.680297851562 393.449798583984 1  2
id 1505246647 496.562286376953 529.261901855469 1  2
id 1505246648 571.084655761719 581.423400878906 1  2
id 1505246648 599.347839355469 592.630554199219 1  2
id 1505246649 685.461059570312 586.463806152344 1  2
id 1505246649 786.893310546875 539.387573242188 1  2
id 1505246650 820.107421875 541.704040527344 2  0
id 1505246650 804.256042480469 517.712158203125 0  0
id 1505246650 820.248901367188 496.309356689453 0  2
id 1505246650 825.678161621094 461.380035400391 1  0
id 1505246651 836.134948730469 402.758361816406 0  0
id 1505246651 844.212219238281 373.256072998047 0  2
id 1505246651 848.341918945312 337.452178955078 0  2
id 1505246651 841.192199707031 332.425262451172 0  2
id 1505246651 832.237731933594 305.290161132812 0  2
id 1505246652 824.075500488281 286.454528808594 0  0
id 1505246652 818.252563476562 263.982421875 0  2
id 1505246652 810.843139648438 257.607574462891 0  2
id 1505246652 795.987060546875 246.602828979492 0  0
id 1505246652 788.839050292969 243.682998657227 0  2
id 1505246652 780.181701660156 222.508697509766 0  2
id 1505246652 766.193969726562 215.964599609375 0  2
id 1505246652 755.683715820312 226.128524780273 0  2
id 1505246652 736.839111328125 200.227569580078 0  0
id 1505246652 722.583740234375 194.411056518555 0  0
id 1505246653 687.8837890625 201.943695068359 0  0
id 1505246653 661.049072265625 188.814056396484 0  0
id 1505246653 619.952087402344 197.53401184082 1  0
id 1505246653 584.380126953125 200.985702514648 1  2
id 1505246654 560.6279296875 213.011138916016 1  2
id 1505246654 567.590942382812 216.614776611328 1  0
id 1505246654 547.065185546875 218.203338623047 1  2
id 1505246654 517.953247070312 227.011871337891 1  2
id 1505246654 507.089782714844 241.135772705078 1  2
id 1505246655 459.156951904297 351.861785888672 1  2
id 1505246655 441.728332519531 372.879577636719 1  0
id 1505246655 443.151947021484 393.522369384766 1  0
id 1505246655 444.545257568359 411.236572265625 1  0
id 1505246656 446.445434570312 438.788970947266 1  0
id 1505246657 562.765258789062 558.87890625 1  2
id 1505246657 572.503662109375 564.787841796875 1  2
id 1505246657 579.092834472656 567.619567871094 1  2
id 1505246658 610.689636230469 586.76611328125 1  2
id 1505246658 682.254455566406 597.333984375 1  2
id 1505246658 689.298950195312 594.039184570312 1  2
id 1505246659 726.910522460938 581.575622558594 1  2
id 1505246659 762.335266113281 569.609252929688 1  2
id 1505246659 762.251281738281 563.679809570312 1  2
id 1505246660 791.855224609375 531.175109863281 0  0
id 1505246660 804.418579101562 512.814392089844 0  2
id 1505246660 813.267333984375 491.235870361328 0  2
id 1505246660 812.981384277344 484.977874755859 1  0
id 1505246660 825.896362304688 459.620574951172 0  0
id 1505246660 827.2744140625 426.406524658203 0  2
id 1505246661 833.187438964844 414.646087646484 0  2
id 1505246661 836.652709960938 412.125 0  2
id 1505246661 836.779479980469 364.414184570312 1  0
id 1505246661 835.513488769531 351.982971191406 1  2
id 1505246662 808.973999023438 281.700042724609 0  0
id 1505246662 793.942626953125 270.697052001953 0  2
id 1505246662 778.652465820312 253.653503417969 1  0
id 1505246662 763.879455566406 243.518096923828 0  0
id 1505246663 718.172424316406 212.228408813477 1  0
id 1505246663 685.386474609375 208.016891479492 1  2
id 1505246663 678.270629882812 205.10920715332 1  2
id 1505246663 667.971740722656 205.90673828125 1  2
id 1505246663 659.553283691406 187.202407836914 1  2
id 1505246664 632.534790039062 190.338973999023 1  0
id 1505246664 632.400268554688 190.867614746094 1  2
id 1505246664 583.987487792969 205.1591796875 1  2
id 1505246664 577.870788574219 215.991790771484 1  2
id 1505246664 559.963562011719 220.657424926758 1  2
id 1505246664 555.198181152344 221.371231079102 1  2
id 1505246664 535.161682128906 229.823684692383 1  0
id 1505246666 441.953002929688 351.259094238281 1  0
id 1505246666 452.110900878906 403.924041748047 1  0
id 1505246667 461.132171630859 494.71337890625 1  0
id 1505246667 468.962677001953 510.965118408203 1  2
id 1505246667 515.091796875 552.933654785156 1  2
id 1505246668 626.131408691406 604.481628417969 1  2
id 1505246668 630.558288574219 601.027648925781 1  2
id 1505246669 735.401611328125 593.362060546875 1  2
id 1505246670 787.586303710938 527.470458984375 1  2
id 1505246670 803.650390625 511.823333740234 1  2
id 1505246670 807.06591796875 508.609100341797 1  2
id 1505246670 810.858520507812 508.159057617188 0  0
id 1505246671 839.367858886719 420.63427734375 1  0
id 1505246671 838.64453125 413.196746826172 1  2
id 1505246671 844.839294433594 405.247253417969 1  0
id 1505246671 831.012084960938 328.671813964844 1  2
id 1505246672 780.961486816406 237.873275756836 1  2
id 1505246672 772.7841796875 227.930297851562 1  0
id 1505246673 668.996948242188 198.566711425781 1  0
id 1505246673 619.682861328125 198.591186523438 1  2
id 1505246673 579.636596679688 202.044281005859 1  2
id 1505246673 561.153198242188 213.143112182617 1  0
id 1505246673 549.813354492188 218.163192749023 1  0
id 1505246674 546.393371582031 218.427871704102 1  2
id 1505246674 518.630615234375 244.042984008789 1  2
id 1505246675 438.280883789062 365.187805175781 1  0
id 1505246675 431.471099853516 410.827362060547 1  2
id 1505246676 454.609588623047 487.389526367188 1  2
id 1505246676 522.298583984375 572.231384277344 1  2
id 1505246677 568.054077148438 580.074645996094 1  2
id 1505246677 601.188842773438 606.436889648438 1  2
id 1505246677 614.99169921875 608.414306640625 1  2
id 1505246677 628.763793945312 607.431640625 1  2
id 1505246677 642.541687011719 606.448486328125 1  2
id 1505246677 659.772216796875 605.219055175781 1  2
id 1505246677 670.153686523438 607.444030761719 1  2
id 1505246678 718.423889160156 601.033996582031 1  0
id 1505246678 725.079895019531 597.067260742188 1  2
id 1505246678 754.440124511719 573.318237304688 1  2
id 1505246678 787.147155761719 542.860168457031 1  2
id 1505246678 798.554138183594 556.180419921875 1  2
id 1505246678 803.8876953125 524.544921875 1  0
id 1505246679 814.189575195312 527.464660644531 1  2
id 1505246679 828.456665039062 470.766662597656 1  2
id 1505246679 850.986450195312 467.198181152344 2  0
id 1505246680 842.71484375 348.311462402344 1  0
id 1505246680 809.162658691406 288.977264404297 1  2
id 1505246681 792.985473632812 248.220245361328 2  0
id 1505246681 762.409545898438 239.991638183594 1  0
id 1505246681 752.912170410156 230.845840454102 1  2
id 1505246682 647.822387695312 201.591201782227 1  2
id 1505246682 632.611694335938 205.880477905273 1  2
id 1505246682 615.718017578125 210.644256591797 1  2
id 1505246682 598.831665039062 215.405944824219 1  2
id 1505246682 555.842834472656 225.636932373047 1  2
id 1505246682 550.120788574219 232.293640136719 1  2
id 1505246682 524.759216308594 230.972106933594 1  2
id 1505246682 507.584564208984 245.756729125977 1  2
id 1505246682 480.931854248047 264.889953613281 1  2
id 1505246683 481.077270507812 281.793304443359 1  2
id 1505246683 476.805603027344 291.960479736328 1  2
id 1505246683 439.058502197266 366.511932373047 1  0
id 1505246683 436.118560791016 373.646911621094 1  2
id 1505246683 433.006896972656 423.170074462891 1  0
id 1505246684 455.76904296875 501.695587158203 1  0
id 1505246684 475.030487060547 531.521423339844 1  0
id 1505246685 550.43896484375 577.512084960938 1  2
id 1505246686 609.9521484375 593.439147949219 1  2
id 1505246686 620.130004882812 595.498779296875 1  2
id 1505246686 659.6396484375 610.635925292969 1  2
id 1505246686 686.140380859375 588.682739257812 1  2
id 1505246686 699.545227050781 587.025329589844 1  2
id 1505246686 713.350524902344 586.036987304688 1  2
id 1505246686 723.404113769531 578.685607910156 1  2
id 1505246686 783.68896484375 543.109680175781 1  2
id 1505246687 794.019226074219 532.240295410156 1  2
id 1505246687 797.432434082031 521.871337890625 1  2
id 1505246687 825.627807617188 512.670959472656 2  0
id 1505246687 824.238708496094 479.620941162109 1  0
id 1505246687 838.824523925781 406.216125488281 1  2
id 1505246687 841.495666503906 402.3603515625 1  2
id 1505246688 839.940185546875 388.371368408203 1  2
id 1505246688 803.284729003906 301.057312011719 1  2
id 1505246688 801.992797851562 290.563842773438 1  2
id 1505246688 793.802673339844 280.598754882812 1  2
id 1505246689 766.576110839844 237.765228271484 1  0
id 1505246689 749.002807617188 215.213272094727 1  2
id 1505246689 670.924926757812 203.776321411133 1  2
id 1505246689 659.376953125 201.559585571289 1  2
id 1505246690 638.7578125 200.220703125 1  2
id 1505246690 630.971130371094 207.044204711914 1  2
id 1505246690 598.0498046875 209.249069213867 1  2
id 1505246690 605.805725097656 211.757110595703 2  0
id 1505246690 578.541381835938 220.601959228516 1  0
id 1505246690 571.938232421875 224.565872192383 1  2
id 1505246690 550.770385742188 229.308670043945 1  2
id 1505246690 539.065612792969 234.009887695312 1  2
id 1505246690 510.752990722656 249.309432983398 1  2
id 1505246690 498.896606445312 256.607116699219 1  2
id 1505246690 474.818786621094 275.713256835938 1  2
id 1505246690 477.615356445312 288.790893554688 1  2
id 1505246691 440.769866943359 339.08251953125 1  2
id 1505246691 440.196563720703 370.57470703125 1  2
id 1505246691 433.942932128906 436.773071289062 1  2
id 1505246691 438.502807617188 450.632110595703 1  2
id 1505246691 446.460266113281 476.375610351562 1  2
