q_ 1505249315 155.181091308594 260.485290527344 2  0
q_ 1505249318 138.933944702148 291.913543701172 1  0
q_ 1505249319 156.774444580078 279.050750732422 2  0
q_ 1505249320 164.232040405273 292.023284912109 2  0
q_ 1505249320 156.522354125977 287.407318115234 1  0
q_ 1505249320 154.026153564453 276.988128662109 2  0
q_ 1505249321 157.850708007812 288.070037841797 1  0
q_ 1505249322 169.165740966797 301.433044433594 1  0
q_ 1505249323 164.94075012207 302.541717529297 1  0
q_ 1505249323 171.131576538086 298.658386230469 2  0
w_ 1505249324 274.150665283203 300.261779785156 1  0
w_ 1505249324 265.511413574219 289.222961425781 2  0
w_ 1505249325 270.662658691406 295.710296630859 1  0
w_ 1505249326 261.350463867188 294.989349365234 1  0
w_ 1505249326 272.283325195312 309.736511230469 2  0
w_ 1505249327 272.997314453125 292.090301513672 1  0
w_ 1505249327 268.356323242188 300.475341796875 1  0
w_ 1505249328 267.833831787109 308.208770751953 1  0
w_ 1505249329 277.912139892578 313.515045166016 1  0
w_ 1505249329 282.664123535156 317.126007080078 1  0
w_ 1505249330 279.882598876953 315.660308837891 1  0
w_ 1505249331 281.861663818359 316.903411865234 1  0
e_ 1505249331 385.558563232422 300.325531005859 1  0
e_ 1505249332 381.709136962891 302.439361572266 1  0
e_ 1505249333 374.601104736328 309.344451904297 1  0
e_ 1505249333 383.104125976562 308.942901611328 1  0
e_ 1505249334 385.640838623047 307.953674316406 1  0
e_ 1505249335 380.383361816406 301.822113037109 1  0
e_ 1505249336 377.300933837891 296.358795166016 1  0
e_ 1505249337 379.489318847656 306.565551757812 1  0
e_ 1505249337 376.050811767578 314.270324707031 1  0
e_ 1505249338 380.145721435547 309.168334960938 2  0
r_ 1505249339 481.80517578125 310.566497802734 1  0
r_ 1505249339 493.022552490234 322.872039794922 1  0
r_ 1505249340 478.632598876953 313.887390136719 2  0
r_ 1505249341 477.379760742188 313.201995849609 2  0
r_ 1505249342 480.656585693359 325.695068359375 1  0
r_ 1505249343 491.134796142578 322.678527832031 1  0
r_ 1505249343 492.789398193359 312.279693603516 2  0
r_ 1505249344 487.011413574219 308.997894287109 2  0
r_ 1505249345 500.960052490234 303.417877197266 2  0
r_ 1505249345 494.85107421875 299.799865722656 1  0
r_ 1505249345 501.515106201172 289.210327148438 1  0
t_ 1505249346 609.461303710938 307.138763427734 1  0
t_ 1505249347 604.360107421875 312.083099365234 2  0
t_ 1505249347 603.360107421875 309.466278076172 1  0
t_ 1505249348 603.609436035156 306.908630371094 1  0
t_ 1505249348 601.032775878906 311.085418701172 2  0
t_ 1505249349 606.446105957031 305.769958496094 1  0
t_ 1505249350 606.439819335938 298.217926025391 2  0
t_ 1505249350 607.263610839844 300.9873046875 1  0
t_ 1505249351 605.626281738281 307.563201904297 1  0
t_ 1505249351 600.727844238281 302.743072509766 2  0
y_ 1505249352 707.321411132812 295.562286376953 1  0
y_ 1505249353 704.312744140625 292.466491699219 1  0
y_ 1505249353 711.864624023438 292.558746337891 1  0
y_ 1505249354 706.799682617188 288.059326171875 1  0
y_ 1505249354 707.049072265625 291.506866455078 1  0
y_ 1505249355 705.083435058594 288.408142089844 1  0
y_ 1505249356 703.911376953125 293.048187255859 1  0
y_ 1505249356 707.316467285156 290.856201171875 1  0
y_ 1505249357 697.732299804688 288.749725341797 1  0
y_ 1505249357 706.091430664062 277.648010253906 2  0
u_ 1505249358 811.377990722656 275.362518310547 2  0
u_ 1505249359 825.277160644531 278.433319091797 2  0
u_ 1505249359 814.479736328125 289.545501708984 1  0
u_ 1505249360 818.885131835938 278.052001953125 2  0
u_ 1505249360 818.323608398438 290.283081054688 1  0
u_ 1505249360 814.604187011719 274.90625 1  0
u_ 1505249361 810.724792480469 281.914001464844 1  0
u_ 1505249361 803.473815917969 274.775543212891 1  0
u_ 1505249362 811.311950683594 280.890808105469 2  0
u_ 1505249362 817.524291992188 288.738647460938 1  0
u_ 1505249363 807.01416015625 292.265777587891 1  0
i_ 1505249363 919.265563964844 277.362274169922 1  0
i_ 1505249364 924.916015625 285.629211425781 1  0
i_ 1505249365 916.575805664062 290.514251708984 2  0
i_ 1505249365 914.611938476562 297.733276367188 1  0
i_ 1505249366 910.560974121094 300.370758056641 1  0
i_ 1505249366 907.791870117188 308.838592529297 1  0
i_ 1505249367 917.632507324219 302.032135009766 1  0
i_ 1505249367 916.869323730469 301.247039794922 1  0
i_ 1505249368 917.844848632812 295.277740478516 2  0
i_ 1505249368 913.297912597656 309.553985595703 2  0
o_ 1505249369 1025.84716796875 294.478271484375 1  0
o_ 1505249369 1025.37023925781 294.641265869141 1  0
o_ 1505249370 1025.56127929688 292.613861083984 1  0
o_ 1505249371 1024.6435546875 290.370330810547 1  0
o_ 1505249371 1028.88439941406 284.124176025391 2  0
o_ 1505249372 1025.67761230469 284.076904296875 1  0
o_ 1505249372 1019.86059570312 297.005981445312 1  0
o_ 1505249373 1021.52459716797 297.073699951172 2  0
o_ 1505249373 1030.31311035156 290.352783203125 1  0
o_ 1505249374 1028.61267089844 289.721160888672 1  0
p_ 1505249374 1130.80615234375 295.480651855469 2  0
p_ 1505249375 1130.37475585938 295.193115234375 2  0
p_ 1505249375 1125.8681640625 297.164520263672 2  0
p_ 1505249376 1124.2265625 290.507843017578 1  0
p_ 1505249376 1115.77429199219 291.496124267578 1  0
p_ 1505249377 1116.73034667969 295.720336914062 1  0
p_ 1505249377 1115.70373535156 296.621459960938 1  0
p_ 1505249379 1127.87292480469 290.814086914062 2  0
p_ 1505249379 1123.94165039062 284.894104003906 1  0
p_ 1505249380 1129.44567871094 278.08544921875 2  0
a 1505249381 212.802703857422 411.993743896484 1  0
a 1505249382 216.431091308594 400.5244140625 2  0
a 1505249382 204.490188598633 403.240600585938 1  0
a 1505249383 226.138580322266 413.742767333984 1  0
a 1505249383 219.422836303711 393.936309814453 2  0
a 1505249384 223.362182617188 408.744171142578 1  0
a 1505249384 212.501846313477 409.74853515625 1  0
a 1505249385 211.347579956055 396.447692871094 1  0
a 1505249386 203.605178833008 411.230712890625 2  0
a 1505249386 201.537841796875 400.447052001953 1  0
a 1505249386 206.669982910156 407.521881103516 2  0
a 1505249386 208.887435913086 402.322265625 1  0
s 1505249387 323.804443359375 413.503814697266 1  0
s 1505249387 322.698120117188 392.260528564453 1  0
s 1505249388 325.615020751953 392.651000976562 2  0
s 1505249389 319.530853271484 397.326324462891 1  0
s 1505249389 322.187561035156 390.4423828125 1  0
s 1505249390 321.717102050781 401.573913574219 1  0
s 1505249390 319.34716796875 410.383331298828 1  0
s 1505249391 314.609771728516 407.744873046875 1  0
s 1505249391 314.298706054688 418.357543945312 2  0
s 1505249391 323.855773925781 402.077880859375 1  0
s 1505249392 321.268218994141 409.833526611328 1  0
s 1505249392 321.496795654297 394.685791015625 2  0
s 1505249393 310.982208251953 424.507293701172 2  0
d 1505249393 426.876556396484 403.905700683594 1  0
d 1505249394 435.439880371094 397.289367675781 1  0
d 1505249394 430.601257324219 385.163238525391 1  0
d 1505249395 431.540618896484 396.043731689453 1  0
d 1505249395 421.374786376953 391.032806396484 2  0
d 1505249396 432.012725830078 398.205688476562 1  0
d 1505249396 425.445007324219 396.115447998047 2  0
d 1505249396 425.808776855469 384.216430664062 1  0
d 1505249397 434.514190673828 389.384582519531 1  0
d 1505249397 432.509918212891 399.045684814453 1  0
d 1505249398 427.522521972656 391.296722412109 1  0
f 1505249399 534.370422363281 396.183135986328 1  0
f 1505249399 547.047912597656 401.964996337891 2  0
f 1505249400 548.5771484375 406.079620361328 1  0
f 1505249400 543.535400390625 391.515380859375 1  0
f 1505249401 537.714538574219 400.997741699219 2  0
f 1505249401 540.949035644531 395.558563232422 1  0
f 1505249402 543.730346679688 395.035827636719 1  0
f 1505249402 542.317565917969 399.559936523438 1  0
f 1505249403 538.959899902344 390.306213378906 2  0
f 1505249403 546.518371582031 404.796997070312 1  0
g 1505249404 660.165649414062 402.741088867188 1  0
g 1505249404 650.159973144531 401.593353271484 1  0
g 1505249405 655.315612792969 397.238189697266 1  0
g 1505249406 648.802368164062 402.511352539062 1  0
g 1505249406 655.923217773438 403.662322998047 1  0
g 1505249407 653.576843261719 401.409973144531 2  0
g 1505249407 654.997863769531 400.579498291016 1  0
g 1505249408 652.05615234375 405.362030029297 1  0
g 1505249408 650.404113769531 398.375671386719 1  0
g 1505249409 648.726318359375 399.079376220703 2  0
g 1505249409 647.169799804688 410.685974121094 1  0
h 1505249410 750.85986328125 404.289581298828 2  0
h 1505249410 750.159423828125 407.054565429688 1  0
h 1505249411 759.369506835938 408.10986328125 2  0
h 1505249411 768.886657714844 404.619873046875 1  0
h 1505249412 755.571655273438 406.018280029297 1  0
h 1505249412 764.167907714844 403.139495849609 1  0
h 1505249413 758.5478515625 409.529388427734 1  0
h 1505249413 759.842163085938 400.847076416016 1  0
h 1505249414 760.526733398438 404.951019287109 1  0
h 1505249415 754.931701660156 415.440673828125 1  0
j 1505249415 873.201049804688 393.551483154297 2  0
j 1505249416 870.632385253906 398.803253173828 2  0
j 1505249416 866.959411621094 400.121337890625 2  0
j 1505249417 864.795715332031 392.849151611328 1  0
j 1505249417 860.979858398438 391.630187988281 1  0
j 1505249418 867.877990722656 400.967895507812 1  0
j 1505249418 870.420715332031 398.296295166016 1  0
j 1505249419 871.827026367188 400.615264892578 2  0
j 1505249419 867.934753417969 403.597045898438 1  0
j 1505249420 860.819702148438 403.649841308594 1  0
k 1505249421 963.592956542969 383.176330566406 1  0
k 1505249421 977.767333984375 400.737243652344 1  0
k 1505249422 981.120056152344 377.335815429688 1  0
k 1505249422 975.3671875 386.953338623047 1  0
k 1505249423 990.513549804688 386.060211181641 1  0
k 1505249423 990.706726074219 387.524291992188 1  0
k 1505249424 982.40576171875 389.167694091797 1  0
k 1505249424 981.029357910156 385.369079589844 1  0
k 1505249425 977.262329101562 382.159362792969 1  0
k 1505249425 979.992919921875 376.285675048828 1  0
l 1505249426 1072.84936523438 382.3291015625 1  0
l 1505249427 1089.95947265625 395.9775390625 1  0
l 1505249427 1086.78344726562 390.131988525391 1  0
l 1505249428 1081.97924804688 398.550170898438 2  0
l 1505249428 1084.6533203125 383.957611083984 1  0
l 1505249429 1093.63635253906 392.513824462891 2  0
l 1505249429 1091.35961914062 394.649749755859 1  0
l 1505249430 1094.65869140625 391.563720703125 2  0
l 1505249430 1094.59423828125 402.359741210938 2  0
l 1505249431 1091.3505859375 396.533599853516 2  0
shift 1505249432 163.469741821289 504.784820556641 2  0
shift 1505249433 166.533645629883 517.217163085938 1  0
shift 1505249434 180.007904052734 510.789123535156 1  0
shift 1505249434 177.125854492188 511.722351074219 1  0
shift 1505249434 168.109283447266 519.531433105469 2  0
shift 1505249434 172.790878295898 500.456817626953 1  0
shift 1505249435 183.183166503906 498.794586181641 1  0
shift 1505249436 187.244964599609 492.151031494141 1  0
shift 1505249436 179.863311767578 507.367309570312 1  0
shift 1505249437 185.162200927734 502.424438476562 2  0
shift 1505249438 184.432006835938 504.153839111328 1  0
shift 1505249438 184.152053833008 498.401306152344 1  0
shift 1505249439 185.752731323242 501.8056640625 1  0
shift 1505249440 182.717575073242 504.193237304688 1  0
shift 1505249440 188.132629394531 506.832550048828 1  0
shift 1505249441 182.226013183594 508.484588623047 2  0
shift 1505249441 190.952407836914 504.924468994141 1  0
shift 1505249442 171.581497192383 509.837799072266 1  0
shift 1505249442 176.391540527344 514.960510253906 1  0
shift 1505249442 183.816696166992 503.821594238281 2  0
shift 1505249443 181.616577148438 519.565856933594 2  0
shift 1505249444 181.414428710938 515.153198242188 1  0
shift 1505249444 182.043518066406 513.951599121094 2  0
shift 1505249444 186.745590209961 498.184509277344 1  0
shift 1505249445 178.006011962891 514.975646972656 1  0
shift 1505249445 193.27864074707 506.816070556641 1  0
z 1505249446 307.142822265625 511.778533935547 2  0
z 1505249446 309.296539306641 522.003601074219 1  0
z 1505249447 315.361022949219 497.665557861328 1  0
z 1505249447 321.534881591797 494.040924072266 1  0
z 1505249448 320.569915771484 511.480560302734 1  0
z 1505249448 315.908447265625 506.957336425781 1  0
z 1505249449 315.531982421875 518.012573242188 1  0
z 1505249449 327.964569091797 514.507690429688 1  0
z 1505249450 328.413024902344 514.695251464844 1  0
z 1505249450 326.747985839844 506.024566650391 2  0
z 1505249451 331.596069335938 509.958221435547 1  0
x 1505249451 432.893585205078 496.99560546875 3  0
x 1505249452 436.688049316406 507.252593994141 2  0
x 1505249453 426.452301025391 508.743774414062 2  0
x 1505249453 439.110076904297 501.874206542969 1  0
x 1505249454 430.874237060547 507.027435302734 1  0
x 1505249454 434.043029785156 519.583801269531 1  0
x 1505249454 434.163635253906 514.892822265625 2  0
x 1505249455 433.992492675781 507.551635742188 2  0
x 1505249455 435.412811279297 514.414855957031 2  0
x 1505249456 443.235443115234 520.5146484375 1  0
x 1505249456 438.363922119141 527.02294921875 1  0
x 1505249456 437.495361328125 508.519470214844 2  0
c 1505249457 549.378051757812 505.322967529297 1  0
c 1505249457 552.196655273438 500.546020507812 1  0
c 1505249457 550.302856445312 515.740112304688 2  0
c 1505249458 530.551940917969 518.946228027344 2  0
c 1505249458 528.402465820312 504.517150878906 1  0
c 1505249458 531.703979492188 521.799438476562 1  0
c 1505249459 527.76416015625 527.080505371094 2  0
c 1505249459 547.287963867188 510.458221435547 1  0
c 1505249460 549.33935546875 512.0458984375 2  0
c 1505249460 533.796691894531 493.209075927734 1  0
c 1505249460 543.4501953125 504.906860351562 2  0
c 1505249461 543.512390136719 507.433166503906 2  0
c 1505249461 546.475952148438 520.188720703125 1  0
v 1505249462 657.955505371094 518.051696777344 2  0
v 1505249462 666.508422851562 510.590942382812 1  0
v 1505249463 651.466552734375 520.747436523438 2  0
v 1505249463 654.014343261719 523.038146972656 1  0
v 1505249464 647.228454589844 517.142150878906 2  0
v 1505249464 647.648254394531 521.121520996094 2  0
v 1505249465 652.88916015625 518.593933105469 1  0
v 1505249465 655.190490722656 515.366882324219 1  0
v 1505249466 646.635559082031 515.439514160156 2  0
v 1505249466 668.976745605469 504.774841308594 1  0
v 1505249467 662.130859375 518.160461425781 1  0
b 1505249468 764.410766601562 512.231750488281 1  0
b 1505249468 768.696533203125 519.012268066406 2  0
b 1505249468 771.317565917969 493.996215820312 1  0
b 1505249469 760.489440917969 515.611572265625 1  0
b 1505249469 759.791748046875 511.327606201172 2  0
b 1505249470 757.964294433594 508.748413085938 1  0
b 1505249470 761.109130859375 521.612548828125 2  0
b 1505249470 761.947021484375 508.375793457031 1  0
b 1505249471 753.33935546875 527.866394042969 2  0
b 1505249471 765.094421386719 514.125061035156 1  0
b 1505249472 763.673156738281 511.641571044922 1  0
b 1505249473 762.501892089844 515.637573242188 1  0
n 1505249473 862.174438476562 492.634918212891 1  0
n 1505249474 873.080078125 503.012451171875 1  0
n 1505249474 872.396728515625 503.337890625 1  0
n 1505249475 880.665283203125 494.004333496094 1  0
n 1505249475 878.818786621094 500.425872802734 1  0
n 1505249476 882.024536132812 498.895294189453 1  0
n 1505249476 873.480529785156 508.997985839844 2  0
n 1505249477 870.589233398438 511.466705322266 1  0
n 1505249477 866.933227539062 507.976257324219 1  0
n 1505249478 868.499328613281 504.203216552734 2  0
m 1505249478 966.874450683594 488.820678710938 2  0
m 1505249479 983.100830078125 516.963806152344 2  0
m 1505249479 989.9951171875 515.441650390625 1  0
m 1505249480 982.933715820312 503.002899169922 1  0
m 1505249481 987.021362304688 504.4228515625 1  0
m 1505249481 992.661437988281 497.514099121094 1  0
m 1505249481 995.5029296875 508.6416015625 2  0
m 1505249482 987.456909179688 510.312866210938 1  0
m 1505249482 997.546325683594 500.425872802734 2  0
m 1505249482 981.864074707031 522.131103515625 1  0
m 1505249483 977.100341796875 514.318481445312 1  0
m 1505249483 997.325866699219 498.700836181641 1  0
m 1505249483 1000.18237304688 499.301177978516 2  0
back 1505249484 1121.955078125 497.681427001953 1  0
back 1505249484 1134.42834472656 507.596893310547 2  0
back 1505249485 1122.26611328125 519.085388183594 1  0
back 1505249485 1130.72692871094 511.411773681641 1  0
back 1505249486 1128.90087890625 514.011474609375 2  0
back 1505249486 1128.66296386719 518.5068359375 1  0
back 1505249487 1136.04907226562 523.121643066406 2  0
back 1505249488 1136.22961425781 516.14306640625 2  0
back 1505249488 1142.9228515625 520.018493652344 2  0
back 1505249489 1149.64111328125 509.504974365234 1  0
enter 1505249489 1042.43249511719 629.348205566406 2  0
enter 1505249490 1039.23229980469 614.080383300781 1  0
enter 1505249490 1032.42443847656 626.893432617188 2  0
enter 1505249490 1045.52978515625 611.743530273438 1  0
enter 1505249490 1044.26281738281 626.320861816406 2  0
enter 1505249491 1039.71508789062 619.003112792969 2  0
enter 1505249492 1043.33239746094 616.650329589844 2  0
enter 1505249492 1046.0888671875 624.386779785156 2  0
enter 1505249493 1052.57861328125 617.470520019531 2  0
enter 1505249494 1036.74340820312 614.398803710938 1  0
enter 1505249494 1040.66015625 618.195678710938 2  0
enter 1505249495 1040.7119140625 619.810607910156 2  0
enter 1505249496 1044.921875 618.283569335938 1  0
enter 1505249496 1044.45593261719 612.439392089844 2  0
space 1505249496 685.343994140625 620.873596191406 1  0
space 1505249497 661.027709960938 627.635986328125 1  0
space 1505249497 666.634887695312 633.346740722656 1  0
space 1505249498 671.382141113281 629.712768554688 1  0
space 1505249499 685.145751953125 623.130249023438 1  0
space 1505249499 693.233154296875 623.999938964844 1  0
space 1505249500 700.247802734375 615.466247558594 1  0
space 1505249500 697.094116210938 613.592468261719 1  0
space 1505249501 683.402770996094 621.392028808594 2  0
space 1505249501 686.365173339844 633.475341796875 1  0
space 1505249501 694.266540527344 624.901489257812 2  0
