id 1505325822 573.079833984375 206.852920532227 1  0
id 1505325822 556.014709472656 219.244430541992 1  2
id 1505325822 549.393188476562 223.215270996094 1  2
id 1505325823 538.886291503906 230.774887084961 1  2
id 1505325823 518.4296875 239.266326904297 1  2
id 1505325823 514.964538574219 246.289276123047 1  2
id 1505325823 505.684143066406 254.102569580078 1  2
id 1505325823 494.508270263672 271.596557617188 1  2
id 1505325823 482.004333496094 289.890075683594 1  2
id 1505325823 469.496765136719 308.188995361328 1  2
id 1505325823 456.371612548828 322.720306396484 1  2
id 1505325823 447.759155273438 337.608001708984 1  2
id 1505325823 448.163940429688 357.900909423828 1  2
id 1505325823 445.708709716797 371.988677978516 1  2
id 1505325823 431.280212402344 400.02294921875 1  2
id 1505325823 429.065490722656 417.586364746094 1  2
id 1505325823 441.785430908203 448.323089599609 1  2
id 1505325823 449.945465087891 468.276489257812 1  2
id 1505325823 454.568969726562 482.228973388672 1  2
id 1505325823 458.701843261719 489.247009277344 1  2
id 1505325824 467.020812988281 506.426391601562 1  2
id 1505325824 470.960205078125 513.116455078125 1  2
id 1505325824 478.645050048828 526.167114257812 1  2
id 1505325824 482.930999755859 530.391418457031 1  2
id 1505325824 494.267120361328 543.531677246094 1  2
id 1505325824 501.413208007812 546.5 1  2
id 1505325824 509.059600830078 556.425415039062 1  2
id 1505325824 524.05908203125 569.662719726562 1  2
id 1505325827 630.726318359375 191.528823852539 0  0
id 1505325827 610.417114257812 199.839828491211 0  2
id 1505325827 571.395080566406 205.076202392578 0  2
id 1505325827 564.77392578125 209.046859741211 0  2
id 1505325827 544.910766601562 220.958587646484 0  2
id 1505325827 525.324768066406 239.087387084961 1  0
id 1505325827 515.79296875 252.986434936523 1  2
id 1505325827 489.747406005859 270.224273681641 0  0
id 1505325827 487.054443359375 280.833923339844 0  2
id 1505325827 471.334533691406 300.067565917969 0  2
id 1505325827 467.998077392578 301.708374023438 0  2
id 1505325828 451.256439208984 345.506988525391 1  0
id 1505325828 448.532165527344 350.923645019531 0  0
id 1505325828 437.422729492188 376.957214355469 0  2
id 1505325828 444.541778564453 384.767456054688 0  2
id 1505325828 446.971862792969 419.031066894531 0  2
id 1505325828 449.478088378906 447.052520751953 0  2
id 1505325828 450.018890380859 449.799560546875 0  2
id 1505325828 475.565612792969 456.259704589844 4  0
id 1505325828 464.500854492188 461.266784667969 0  0
id 1505325828 466.783050537109 490.914794921875 0  2
id 1505325828 489.224090576172 511.764221191406 0  2
id 1505325828 505.350769042969 540.966247558594 0  2
id 1505325828 509.394073486328 544.163513183594 0  2
id 1505325828 519.695251464844 545.151733398438 0  2
id 1505325828 545.153259277344 559.013977050781 0  2
id 1505325829 549.108703613281 565.720703125 0  2
id 1505325829 581.595886230469 575.583801269531 0  2
id 1505325829 617.433532714844 590.467651367188 0  2
id 1505325829 635.629333496094 594.390930175781 0  2
id 1505325829 698.966491699219 589.74951171875 0  2
id 1505325829 717.613830566406 564.3642578125 0  0
id 1505325829 728.002746582031 563.600952148438 0  2
id 1505325830 752.102905273438 550.6123046875 0  2
id 1505325830 765.434143066406 542.621459960938 0  2
id 1505325830 802.338562011719 514.671875 0  2
id 1505325830 813.028137207031 515.459411621094 0  2
id 1505325830 821.509826660156 494.165924072266 0  2
id 1505325830 833.45263671875 472.625244140625 0  2
id 1505325830 840.643432617188 425.567535400391 0  2
id 1505325830 846.221435546875 409.773101806641 0  2
id 1505325830 844.072387695312 384.084747314453 0  2
id 1505325830 843.538635253906 377.141845703125 0  2
id 1505325831 838.211791992188 353.112884521484 0  2
id 1505325831 830.255676269531 335.576141357422 0  2
id 1505325831 813.981689453125 266.105529785156 0  0
id 1505325831 806.256591796875 251.387908935547 0  2
id 1505325831 795.132385253906 246.670028686523 0  2
id 1505325831 776.288635253906 224.8212890625 0  2
id 1505325831 761.215637207031 215.898849487305 0  2
id 1505325831 750.610778808594 213.235900878906 0  2
id 1505325831 739.487609863281 203.67236328125 0  2
id 1505325831 714.599975585938 197.594177246094 0  2
id 1505325831 699.540161132812 183.834915161133 0  2
id 1505325831 666.795654296875 171.788070678711 0  2
id 1505325832 639.278747558594 173.898010253906 0  2
id 1505325832 621.342468261719 172.156631469727 0  2
id 1505325832 607.593200683594 173.211242675781 0  2
id 1505325832 594.357360839844 183.575424194336 0  2
id 1505325832 583.800720214844 183.34553527832 0  2
id 1505325832 567.954528808594 210.016387939453 0  2
id 1505325832 549.954162597656 195.28727722168 0  2
id 1505325832 540.150817871094 202.96321105957 0  2
id 1505325832 530.347106933594 210.639434814453 0  2
id 1505325832 517.059265136719 268.148803710938 0  0
id 1505325832 502.238861083984 256.618255615234 0  2
id 1505325832 492.699523925781 263.238098144531 0  2
id 1505325832 486.303009033203 275.167877197266 0  2
id 1505325832 481.224090576172 300.706512451172 0  2
id 1505325832 472.739105224609 317.316619873047 0  2
id 1505325832 463.218414306641 324.286102294922 0  2
id 1505325832 457.011779785156 341.425384521484 0  2
id 1505325832 456.938873291016 347.684204101562 0  2
id 1505325832 456.095367431641 379.552703857422 0  2
id 1505325832 459.743072509766 384.669464111328 0  2
id 1505325832 460.445159912109 396.966430664062 0  2
id 1505325832 457.817565917969 403.774780273438 0  2
id 1505325833 459.011840820312 423.004791259766 0  2
id 1505325833 466.632934570312 432.882934570312 0  2
id 1505325833 468.483245849609 456.438720703125 0  2
id 1505325833 479.753265380859 471.289245605469 0  2
id 1505325833 487.137451171875 477.716125488281 0  2
id 1505325833 496.895538330078 514.863159179688 0  0
id 1505325833 501.398529052734 526.930541992188 0  2
id 1505325833 519.08056640625 534.185729980469 0  2
id 1505325833 533.88232421875 547.077697753906 0  0
id 1505325833 552.146057128906 559.723754882812 0  2
id 1505325833 556.221252441406 563.272827148438 0  2
id 1505325833 563.573303222656 571.306701660156 0  2
id 1505325833 581.663940429688 578.905334472656 0  2
id 1505325833 631.965148925781 596.587280273438 0  0
id 1505325833 646.432067871094 599.383911132812 0  2
id 1505325833 656.756286621094 600.205810546875 0  2
id 1505325834 681.245666503906 601.920104980469 0  2
id 1505325834 718.560546875 588.664367675781 0  2
id 1505325834 737.965454101562 564.096008300781 0  2
id 1505325834 755.412841796875 557.555053710938 0  2
id 1505325834 762.037536621094 555.315124511719 0  2
id 1505325834 774.16162109375 526.735534667969 0  2
id 1505325834 790.719116210938 513.077697753906 0  2
id 1505325834 800.9033203125 504.970245361328 0  2
id 1505325834 806.982543945312 497.866882324219 0  2
id 1505325834 816.845947265625 490.134033203125 0  2
id 1505325834 822.206298828125 466.809997558594 0  2
id 1505325834 828.868530273438 462.816436767578 0  2
id 1505325834 835.077087402344 446.087921142578 0  2
id 1505325835 840.617553710938 432.037261962891 0  2
id 1505325835 846.961181640625 383.170196533203 0  2
id 1505325835 849.366760253906 366.931182861328 0  2
id 1505325835 842.191650390625 361.885559082031 0  2
id 1505325835 844.838500976562 353.312957763672 0  2
id 1505325835 839.2333984375 327.927734375 0  2
id 1505325835 827.291381835938 303.738891601562 0  0
id 1505325835 823.025146484375 295.702606201172 0  2
id 1505325835 819.304260253906 292.501831054688 0  2
id 1505325835 811.042358398438 279.898986816406 0  2
id 1505325835 772.06494140625 230.874740600586 0  2
id 1505325835 748.087280273438 239.474075317383 0  2
id 1505325835 723.683410644531 191.69677734375 0  2
id 1505325836 708.647766113281 185.217910766602 0  2
id 1505325836 699.730285644531 202.546157836914 0  2
id 1505325836 674.589599609375 195.104888916016 0  2
id 1505325836 662.872497558594 174.860488891602 0  2
id 1505325836 622.466125488281 194.413299560547 0  2
id 1505325836 597.050964355469 180.252380371094 0  2
id 1505325836 582.963745117188 233.306945800781 0  2
id 1505325836 549.612426757812 247.637985229492 0  0
id 1505325836 536.364929199219 255.582122802734 0  2
id 1505325836 526.010986328125 260.531433105469 0  2
id 1505325836 506.366302490234 277.980285644531 0  0
id 1505325836 490.402221679688 298.622985839844 0  2
id 1505325836 471.315338134766 316.729858398438 0  2
id 1505325836 468.865173339844 330.804992675781 0  2
id 1505325837 460.746734619141 364.773956298828 0  0
id 1505325837 451.736511230469 379.010833740234 0  2
id 1505325837 453.875427246094 413.989227294922 0  2
id 1505325837 460.121856689453 448.349334716797 0  0
id 1505325837 484.589874267578 451.752960205078 4  0
id 1505325837 475.957458496094 483.605041503906 0  0
id 1505325837 486.433624267578 518.780456542969 0  0
id 1505325837 496.962768554688 523.066345214844 0  2
id 1505325837 514.891479492188 533.796020507812 0  2
id 1505325837 522.350219726562 538.663208007812 0  2
id 1505325837 537.154418945312 551.557800292969 0  0
id 1505325837 545.615905761719 572.626770019531 0  2
id 1505325837 555.831604003906 574.676147460938 0  2
id 1505325837 563.963989257812 583.881713867188 0  2
id 1505325837 581.024658203125 586.832153320312 0  2
id 1505325837 592.04296875 590.227294921875 0  2
id 1505325838 623.273498535156 594.244995117188 0  2
id 1505325838 644.868957519531 601.777404785156 0  2
id 1505325838 669.611511230469 606.980529785156 0  2
id 1505325838 687.1318359375 601.4892578125 0  0
id 1505325838 724.071533203125 573.881530761719 0  2
id 1505325838 734.463012695312 573.118835449219 0  2
id 1505325838 758.826416015625 568.174255371094 0  2
id 1505325838 788.093688964844 535.870727539062 0  2
id 1505325839 811.640502929688 520.116882324219 0  2
id 1505325839 818.347473144531 514.365966796875 0  2
id 1505325839 826.095825195312 481.2216796875 0  2
id 1505325839 832.786315917969 475.299865722656 0  2
id 1505325839 835.583862304688 454.970275878906 0  2
id 1505325839 841.125061035156 440.916473388672 0  2
id 1505325839 843.253784179688 423.275543212891 0  2
id 1505325839 848.498352050781 407.681182861328 0  2
id 1505325839 849.35400390625 369.026397705078 0  2
id 1505325839 845.092468261719 358.876373291016 0  2
id 1505325839 844.558776855469 351.938507080078 0  2
id 1505325839 842.971313476562 329.040679931641 0  2
id 1505325839 833.380126953125 297.009613037109 0  0
id 1505325839 823.758728027344 271.279541015625 0  2
id 1505325839 816.319946289062 264.884582519531 0  2
id 1505325840 804.887878417969 253.926055908203 0  2
id 1505325840 796.898986816406 244.797576904297 0  2
id 1505325840 785.755065917969 235.218170166016 0  2
id 1505325840 743.0576171875 221.102600097656 0  2
id 1505325840 728.749633789062 215.250717163086 0  0
id 1505325840 689.012817382812 198.162902832031 0  2
id 1505325840 663.597717285156 186.933242797852 0  2
id 1505325840 642.681457519531 187.148483276367 0  2
id 1505325840 632.344055175781 190.018936157227 0  2
id 1505325840 632.738952636719 190.681762695312 4  0
id 1505325840 622.421936035156 191.471496582031 4  2
id 1505325840 593.957946777344 192.264694213867 0  0
id 1505325841 553.457092285156 207.833435058594 0  0
id 1505325841 543.401733398438 212.066116333008 0  2
id 1505325841 547.100646972656 224.949722290039 4  0
id 1505325841 518.015991210938 255.070938110352 0  0
id 1505325841 489.152648925781 281.194946289062 0  0
id 1505325841 473.704803466797 306.655578613281 0  0
id 1505325841 462.263397216797 335.1240234375 0  2
id 1505325841 457.512542724609 321.766082763672 0  2
id 1505325841 443.413360595703 371.292205810547 0  0
id 1505325841 451.270141601562 384.610015869141 0  2
id 1505325841 450.313110351562 417.388671875 0  2
id 1505325841 448.409057617188 436.856170654297 0  0
id 1505325841 453.694213867188 457.714691162109 0  0
id 1505325841 457.38232421875 460.925415039062 0  2
id 1505325841 461.749542236328 476.115325927734 0  2
id 1505325841 469.624206542969 489.482788085938 0  2
id 1505325841 482.435211181641 523.44189453125 0  2
id 1505325842 500.344696044922 533.99658203125 0  2
id 1505325842 511.189270019531 540.185852050781 0  2
id 1505325842 518.587829589844 546.631896972656 0  2
id 1505325842 536.843566894531 559.275939941406 0  0
id 1505325842 544.322021484375 564.323303222656 0  2
id 1505325842 559.033081054688 570.940490722656 0  0
id 1505325842 567.397155761719 592.910522460938 0  2
id 1505325842 588.007568359375 584.918640136719 0  2
id 1505325842 622.947082519531 592.166076660156 0  2
id 1505325842 637.506408691406 593.90283203125 0  2
id 1505325842 676.227416992188 595.273132324219 0  2
id 1505325842 709.326049804688 567.60205078125 0  2
id 1505325843 761.502502441406 557.4580078125 0  2
id 1505325843 778.410705566406 546.047729492188 0  2
id 1505325843 792.328002929688 543.445922851562 0  2
id 1505325843 809.237365722656 532.034729003906 0  2
id 1505325843 824.215026855469 499.919738769531 0  2
id 1505325843 830.920532226562 494.170227050781 0  2
id 1505325843 839.98388671875 475.991607666016 0  2
id 1505325843 841.659057617188 447.872100830078 0  2
id 1505325843 853.592346191406 426.350677490234 0  2
id 1505325843 856.57275390625 415.291412353516 0  2
id 1505325843 858.4296875 394.186859130859 0  0
id 1505325844 855.498962402344 353.907958984375 0  2
id 1505325844 851.491455078125 349.324523925781 0  2
id 1505325844 853.589965820312 335.912475585938 0  2
id 1505325844 825.391967773438 285.774566650391 0  0
id 1505325844 812.879943847656 263.058135986328 0  2
id 1505325844 794.281494140625 249.168304443359 0  2
id 1505325844 790.053833007812 236.976196289062 0  2
id 1505325844 764.037536621094 218.808792114258 0  2
id 1505325844 749.184814453125 208.137832641602 0  2
id 1505325844 723.728454589844 196.896392822266 0  0
id 1505325844 706.847351074219 207.379470825195 0  2
id 1505325844 689.399597167969 203.335525512695 0  2
id 1505325845 670.223205566406 182.960159301758 0  2
id 1505325845 643.855346679688 198.32209777832 0  2
id 1505325845 631.579895019531 179.683929443359 0  2
id 1505325845 622.579833984375 200.642379760742 0  2
id 1505325845 595.325378417969 206.19172668457 0  2
id 1505325845 584.979675292969 208.888366699219 0  2
id 1505325845 571.701354980469 218.739730834961 0  2
id 1505325845 544.961608886719 231.177947998047 0  2
id 1505325845 534.869506835938 237.319931030273 0  2
id 1505325845 495.563507080078 271.863220214844 0  0
id 1505325845 487.484222412109 303.703277587891 0  2
id 1505325845 478.163879394531 318.295227050781 0  2
id 1505325845 468.889801025391 331.150482177734 0  2
id 1505325845 462.509521484375 338.578948974609 0  2
id 1505325845 449.992614746094 356.894409179688 0  0
id 1505325845 447.390350341797 376.208068847656 0  2
id 1505325846 470.042572021484 449.177795410156 0  0
id 1505325846 486.701721191406 491.006713867188 0  0
id 1505325846 505.49755859375 509.162536621094 0  0
id 1505325846 521.525268554688 539.248413085938 0  2
id 1505325846 555.268249511719 569.292236328125 0  0
id 1505325846 583.91455078125 581.19140625 0  2
id 1505325846 598.752746582031 586.9326171875 0  2
id 1505325846 633.3359375 591.579711914062 0  0
id 1505325846 658.151794433594 595.545227050781 0  2
id 1505325846 668.958312988281 595.805603027344 0  2
id 1505325846 702.298278808594 573.726745605469 0  0
id 1505325846 726.208740234375 569.867797851562 0  2
id 1505325847 756.930114746094 559.196533203125 0  2
id 1505325847 763.401550292969 550.306884765625 0  0
id 1505325847 796.184204101562 509.346649169922 0  0
id 1505325847 799.43798828125 504.02783203125 0  2
id 1505325847 809.409301757812 493.135375976562 0  0
id 1505325847 815.753784179688 487.238952636719 0  2
id 1505325847 819.059753417969 480.342620849609 0  2
id 1505325847 833.718017578125 444.265289306641 0  2
id 1505325847 835.101928710938 416.893035888672 0  2
id 1505325847 837.497741699219 402.737945556641 0  2
id 1505325847 832.744140625 383.885345458984 0  0
id 1505325848 829.097412109375 377.176544189453 0  2
id 1505325848 823.28564453125 344.468719482422 0  2
id 1505325848 822.679321289062 297.992279052734 0  0
id 1505325848 815.2919921875 287.757049560547 0  0
id 1505325848 811.04296875 277.636749267578 0  2
id 1505325848 809.63818359375 266.087097167969 0  2
id 1505325848 802.257995605469 255.864501953125 0  2
id 1505325848 782.518127441406 233.727081298828 0  2
id 1505325848 764.220947265625 221.225631713867 0  2
id 1505325848 745.907470703125 210.644134521484 0  0
id 1505325848 738.753295898438 207.719360351562 0  2
id 1505325848 702.657043457031 195.385711669922 0  0
id 1505325849 691.780700683594 191.189483642578 0  2
id 1505325849 667.429016113281 189.586120605469 0  0
id 1505325849 635.923400878906 186.97297668457 0  0
id 1505325849 625.255920410156 190.041839599609 0  2
id 1505325849 601.188903808594 191.884323120117 0  2
id 1505325849 587.659851074219 198.289260864258 0  2
id 1505325849 567.443115234375 212.480895996094 0  0
id 1505325849 447.930511474609 381.383178710938 0  0
id 1505325850 598.488525390625 590.455322265625 0  0
id 1505325850 616.030639648438 592.673095703125 0  2
id 1505325850 630.517517089844 595.817016601562 0  2
id 1505325850 641.222534179688 597.136047363281 0  2
id 1505325850 655.320495605469 599.609558105469 0  2
id 1505325850 679.619689941406 596.427368164062 0  0
id 1505325850 695.421936035156 570.200622558594 0  0
id 1505325850 709.586303710938 571.088317871094 0  2
id 1505325850 737.141784667969 562.403625488281 0  0
id 1505325850 756.613586425781 543.446044921875 0  0
id 1505325851 773.835876464844 533.942321777344 0  2
id 1505325851 787.058227539062 529.113220214844 0  2
id 1505325851 793.724060058594 525.117614746094 0  2
id 1505325851 800.389953613281 521.1220703125 0  2
id 1505325851 826.361694335938 491.53076171875 0  0
id 1505325851 830.760681152344 455.678436279297 0  2
id 1505325851 832.931884765625 436.280792236328 0  2
id 1505325851 838.445190429688 421.886260986328 0  2
id 1505325851 841.414123535156 412.927459716797 0  2
id 1505325851 844.3427734375 405.720336914062 0  2
id 1505325851 843.235290527344 393.576477050781 0  2
id 1505325851 837.493591308594 357.353302001953 0  2
id 1505325851 827.609619140625 321.483856201172 0  0
id 1505325851 817.962280273438 290.862457275391 0  0
id 1505325851 810.033874511719 275.799255371094 0  2
id 1505325852 802.211730957031 271.172729492188 0  2
id 1505325852 786.515502929688 249.758316040039 0  2
id 1505325852 728.6748046875 221.157592773438 0  0
id 1505325852 713.508850097656 208.432144165039 0  2
id 1505325852 667.926574707031 203.242401123047 0  0
id 1505325852 652.516723632812 184.489486694336 0  2
id 1505325852 624.492919921875 179.70751953125 0  0
id 1505325852 615.122619628906 200.346282958984 0  2
