id 1505249092 423.754608154297 407.57861328125 2  0
id 1505249092 436.462127685547 401.056427001953 1  0
id 1505249092 458.847290039062 401.996032714844 1  0
id 1505249092 472.372711181641 403.355316162109 1  0
id 1505249092 491.649230957031 401.916351318359 1  0
id 1505249092 516.996154785156 403.120849609375 1  0
id 1505249098 415.106994628906 410.721923828125 1  0
id 1505249098 464.678588867188 410.139312744141 1  0
id 1505249098 501.822784423828 410.314178466797 2  0
id 1505249099 518.551879882812 409.356475830078 2  2
id 1505249099 545.185363769531 410.343322753906 1  0
id 1505249099 557.932312011719 408.444885253906 2  0
id 1505249099 597.270812988281 408.295013427734 2  2
id 1505249099 626.480407714844 408.256896972656 2  2
id 1505249099 651.730834960938 408.248077392578 1  0
id 1505249099 664.694458007812 412.856750488281 1  2
id 1505249100 566.439453125 415.035766601562 1  0
id 1505249102 543.999633789062 406.305114746094 1  0
id 1505249102 569.434814453125 405.565490722656 1  0
id 1505249102 583.73095703125 404.8857421875 2  0
id 1505249103 609.296936035156 401.554779052734 2  0
id 1505249103 612.289184570312 404.801605224609 1  0
id 1505249104 612.301452636719 404.97412109375 1  0
id 1505249104 612.07666015625 401.810241699219 1  0
id 1505249104 612.117553710938 402.385437011719 1  0
id 1505249106 612.577453613281 402.784912109375 1  0
id 1505249111 424.928680419922 412.5576171875 2  0
id 1505249112 418.233551025391 400.458831787109 1  0
id 1505249112 408.011871337891 416.019927978516 1  2
id 1505249112 423.94384765625 408.884552001953 1  2
id 1505249112 436.038177490234 412.702941894531 2  0
id 1505249112 467.540893554688 412.527526855469 1  0
id 1505249113 538.595336914062 417.508361816406 1  2
id 1505249113 551.745178222656 415.203887939453 1  2
id 1505249113 585.880065917969 411.685607910156 1  2
id 1505249113 616.720153808594 408.15673828125 1  2
id 1505249113 643.518676757812 411.074157714844 2  0
id 1505249115 643.744689941406 419.646911621094 2  2
id 1505249115 617.666076660156 418.791595458984 2  2
id 1505249115 595.641418457031 417.694793701172 2  2
id 1505249115 583.374633789062 417.658508300781 2  2
id 1505249115 556.611572265625 412.530426025391 2  2
id 1505249115 532.8369140625 414.934936523438 1  0
id 1505249115 519.63916015625 415.186431884766 1  2
id 1505249115 507.667541503906 411.899536132812 2  0
id 1505249115 485.980010986328 405.802001953125 1  0
id 1505249116 449.956817626953 407.545349121094 2  0
id 1505249116 438.705627441406 405.38623046875 2  2
id 1505249116 413.923156738281 413.260284423828 2  2
id 1505249116 412.748046875 415.509765625 2  0
id 1505249116 414.119720458984 409.590301513672 1  0
id 1505249116 420.602203369141 414.018341064453 2  0
id 1505249116 448.176025390625 412.220367431641 1  0
id 1505249116 465.317138671875 412.745727539062 1  2
id 1505249116 498.443420410156 412.453338623047 1  2
id 1505249117 536.455444335938 416.778961181641 2  0
id 1505249117 555.723754882812 415.832611083984 2  2
id 1505249117 571.201171875 415.655242919922 1  0
id 1505249117 601.107543945312 412.072204589844 1  2
id 1505249117 627.377380371094 412.322662353516 2  0
id 1505249117 638.80712890625 413.415710449219 1  0
id 1505249117 650.654052734375 408.5009765625 2  0
id 1505249117 662.767761230469 405.714996337891 1  0
id 1505249117 678.366333007812 412.413818359375 1  2
id 1505249117 700.579650878906 406.628021240234 2  0
id 1505249118 685.638916015625 411.213287353516 1  0
id 1505249118 669.902221679688 413.131652832031 2  0
id 1505249118 628.0322265625 414.588317871094 1  0
id 1505249118 608.290893554688 409.263122558594 2  0
id 1505249118 588.919738769531 411.051361083984 2  2
id 1505249118 566.127319335938 401.71435546875 2  2
id 1505249119 547.917602539062 404.235626220703 1  0
id 1505249119 527.126953125 394.858825683594 1  2
id 1505249119 512.541198730469 394.726287841797 2  0
id 1505249119 467.338043212891 396.441925048828 2  2
id 1505249119 450.575775146484 398.271789550781 1  0
id 1505249119 435.856384277344 407.213470458984 1  2
id 1505249119 423.272674560547 408.887664794922 1  2
id 1505249120 446.285949707031 410.261901855469 1  2
id 1505249120 456.292877197266 412.748962402344 1  2
id 1505249120 474.835479736328 409.583984375 1  2
id 1505249120 531.383972167969 410.266448974609 1  2
id 1505249120 544.777587890625 416.525054931641 1  2
id 1505249120 557.216247558594 411.329620361328 2  0
id 1505249120 571.489440917969 411.086975097656 1  0
id 1505249120 592.193481445312 406.124542236328 2  0
id 1505249120 603.597717285156 406.489624023438 2  2
id 1505249120 625.890441894531 409.920654296875 2  2
id 1505249120 641.047668457031 407.785827636719 1  0
id 1505249120 657.416015625 406.186920166016 1  2
id 1505249120 669.897033691406 405.026794433594 2  0
id 1505249120 688.571533203125 406.703125 1  0
id 1505249120 704.399353027344 405.935180664062 2  0
id 1505249120 715.510559082031 403.58837890625 1  0
id 1505249121 717.7666015625 399.21630859375 1  2
