id 1505325062 413.493957519531 414.081604003906 1  0
id 1505325062 413.294311523438 406.299194335938 1  0
id 1505325062 435.067443847656 406.448669433594 1  2
id 1505325063 424.878936767578 409.404937744141 2  0
id 1505325064 451.529632568359 398.662841796875 1  0
id 1505325064 464.737823486328 406.960388183594 2  0
id 1505325064 469.791168212891 401.609771728516 1  0
id 1505325065 486.611114501953 404.189300537109 1  0
id 1505325065 496.404663085938 400.610015869141 2  0
id 1505325066 526.622009277344 405.525787353516 2  0
id 1505325067 526.882995605469 404.345336914062 1  0
id 1505325067 526.303527832031 410.71142578125 2  0
id 1505325068 571.216674804688 411.625061035156 1  0
id 1505325069 601.704223632812 415.240203857422 1  2
id 1505325070 684.990356445312 414.131561279297 1  0
id 1505325070 698.68212890625 412.643402099609 2  0
id 1505325071 694.476684570312 410.587860107422 1  0
id 1505325071 616.633605957031 410.957336425781 2  0
id 1505325071 581.189697265625 410.625122070312 2  2
id 1505325071 567.744079589844 411.66064453125 1  0
id 1505325072 489.971832275391 415.698059082031 1  2
id 1505325072 443.711242675781 410.834594726562 1  2
id 1505325072 431.220275878906 413.275604248047 1  2
id 1505325072 447.309234619141 414.480712890625 1  2
id 1505325072 476.125518798828 412.956848144531 1  2
id 1505325072 505.947570800781 409.594207763672 1  2
id 1505325072 516.248596191406 412.106781005859 1  2
id 1505325072 532.728393554688 410.177062988281 1  2
id 1505325072 548.577941894531 412.242584228516 2  0
id 1505325073 564.751342773438 410.742401123047 2  2
id 1505325073 601.584533691406 411.749450683594 2  0
id 1505325073 627.044372558594 413.97705078125 2  2
id 1505325073 685.730285644531 415.937164306641 2  0
id 1505325074 681.701293945312 410.016296386719 2  0
id 1505325074 658.716430664062 408.246520996094 1  0
id 1505325074 644.744445800781 405.707397460938 1  2
id 1505325074 615.260620117188 409.970550537109 1  2
id 1505325074 583.72412109375 410.907897949219 2  0
id 1505325074 554.431396484375 408.10205078125 2  2
id 1505325074 538.249450683594 413.837036132812 1  0
id 1505325074 522.356994628906 414.668518066406 1  2
id 1505325074 500.247955322266 413.420227050781 1  2
id 1505325075 482.743621826172 414.613861083984 1  2
id 1505325075 457.86572265625 419.1611328125 1  2
id 1505325075 452.929656982422 415.278350830078 1  2
id 1505325075 468.278381347656 410.424621582031 2  0
id 1505325075 483.349700927734 412.000701904297 2  2
id 1505325075 498.141998291016 417.324188232422 2  2
id 1505325075 527.0126953125 410.256439208984 1  0
id 1505325075 542.093811035156 413.579254150391 2  0
id 1505325075 556.509094238281 409.355560302734 1  0
id 1505325075 569.538146972656 409.861541748047 1  2
id 1505325076 589.8115234375 411.85693359375 2  0
id 1505325076 604.31982421875 410.109527587891 1  0
id 1505325076 614.501525878906 412.424163818359 2  0
id 1505325076 628.112365722656 411.655639648438 1  0
id 1505325076 656.000671386719 410.4228515625 1  2
id 1505325076 672.388793945312 408.314208984375 1  2
id 1505325076 704.190490722656 412.146148681641 2  0
id 1505325076 693.705505371094 411.276702880859 2  2
id 1505325076 673.714904785156 408.965972900391 2  0
id 1505325077 657.050903320312 404.682556152344 1  0
id 1505325077 640.607482910156 407.483459472656 1  2
id 1505325077 619.1494140625 406.847198486328 2  0
id 1505325077 598.653747558594 405.144134521484 1  0
id 1505325077 583.910522460938 404.982147216797 2  0
id 1505325077 548.713256835938 409.329254150391 1  0
id 1505325077 519.55322265625 408.756652832031 1  2
id 1505325077 502.107391357422 406.374786376953 1  2
id 1505325077 486.003265380859 403.751373291016 2  0
id 1505325077 466.496368408203 403.037475585938 1  0
id 1505325077 435.499694824219 404.707702636719 2  0
id 1505325078 449.336853027344 411.581146240234 1  0
id 1505325078 458.902282714844 415.788665771484 1  2
id 1505325078 470.166534423828 417.070556640625 1  2
id 1505325078 486.870147705078 415.872100830078 2  0
id 1505325078 509.272369384766 412.042327880859 2  2
id 1505325078 529.906066894531 412.652404785156 1  0
id 1505325078 555.287231445312 408.430877685547 2  0
id 1505325078 567.053771972656 409.552276611328 1  0
id 1505325078 615.448669433594 413.515533447266 1  2
id 1505325078 636.543090820312 409.955749511719 2  0
id 1505325078 648.74169921875 409.116851806641 1  0
id 1505325078 676.002197265625 407.302856445312 2  0
id 1505325079 704.07763671875 408.343811035156 2  0
id 1505325079 687.189453125 407.794708251953 1  0
id 1505325079 674.989807128906 408.106994628906 1  2
id 1505325079 653.291748046875 406.353668212891 1  2
id 1505325079 642.048889160156 411.169342041016 1  2
id 1505325079 619.468933105469 411.587890625 1  2
id 1505325079 571.117492675781 413.707397460938 1  2
id 1505325079 559.013854980469 410.237182617188 2  0
id 1505325079 534.011657714844 412.562957763672 2  2
id 1505325079 523.280334472656 413.801208496094 1  0
id 1505325079 507.200622558594 411.097595214844 1  2
id 1505325079 475.339569091797 406.66357421875 1  2
id 1505325079 460.767822265625 408.252136230469 1  2
id 1505325079 447.395904541016 407.948547363281 1  2
id 1505325079 434.414428710938 405.809417724609 2  0
id 1505325080 421.249694824219 408.007141113281 2  2
id 1505325080 449.4287109375 414.670166015625 2  2
id 1505325080 473.761627197266 412.252044677734 1  0
id 1505325081 493.445007324219 412.902404785156 2  0
id 1505325081 511.372222900391 417.038299560547 1  0
id 1505325081 540.869689941406 414.212738037109 1  2
id 1505325081 554.679809570312 412.608062744141 2  0
id 1505325081 577.692443847656 412.388031005859 2  2
id 1505325081 602.02880859375 409.460693359375 1  0
id 1505325081 623.184143066406 412.024078369141 2  0
id 1505325081 639.725036621094 405.598602294922 1  0
id 1505325081 666.437133789062 409.175384521484 2  0
