id 1505240948 535.88134765625 231.969863891602 1  0
id 1505240948 524.5439453125 232.707305908203 1  0
id 1505240948 517.172546386719 240.065872192383 1  0
id 1505240949 512.418029785156 254.501525878906 1  0
id 1505240949 497.053436279297 258.854034423828 1  0
id 1505240949 496.448303222656 262.198822021484 1  0
id 1505240949 497.318725585938 262.302795410156 1  0
id 1505240950 472.784545898438 308.853088378906 1  0
id 1505240951 483.167999267578 291.368072509766 1  0
id 1505240951 478.975280761719 290.66015625 1  0
id 1505240951 472.819702148438 291.322998046875 1  0
id 1505240951 462.965026855469 306.681030273438 1  0
id 1505240951 464.536926269531 327.210052490234 1  0
id 1505240952 458.038055419922 314.359466552734 1  0
id 1505240952 460.331176757812 317.301879882812 1  0
id 1505240952 457.603607177734 317.691131591797 1  0
id 1505240952 457.697113037109 327.923614501953 1  0
id 1505240952 452.242218017578 328.701232910156 1  0
id 1505240953 455.062835693359 338.546264648438 1  0
id 1505240955 426.59521484375 371.855651855469 1  0
id 1505240956 445.010833740234 369.372222900391 1  0
id 1505240956 446.3291015625 386.636779785156 1  0
id 1505240957 446.541198730469 421.02294921875 1  0
id 1505240957 446.804992675781 424.478607177734 1  0
id 1505240957 447.068786621094 427.934509277344 1  0
id 1505240957 444.274078369141 431.974731445312 1  0
id 1505240958 448.757354736328 445.536590576172 1  0
id 1505240958 451.420623779297 439.767272949219 1  0
id 1505240958 437.47119140625 467.097412109375 1  0
id 1505240959 462.515838623047 458.564483642578 1  0
id 1505240959 461.84375 463.31298828125 1  0
id 1505240959 468.969909667969 466.245544433594 1  0
id 1505240960 459.112854003906 463.696624755859 1  0
id 1505240962 477.025543212891 481.290740966797 1  0
id 1505240962 480.172210693359 495.325286865234 1  0
id 1505240962 472.860015869141 505.806762695312 1  0
id 1505240962 502.906494140625 521.465087890625 1  0
id 1505240963 506.343200683594 521.204528808594 1  0
id 1505240963 509.268310546875 527.779418945312 1  0
id 1505240963 522.509521484375 533.575866699219 1  0
id 1505240963 512.700378417969 540.941772460938 1  0
id 1505240963 503.580718994141 548.254333496094 1  0
id 1505240963 506.583618164062 551.340393066406 1  0
id 1505240964 525.479370117188 563.172180175781 1  0
id 1505240964 534.842834472656 572.413635253906 1  0
id 1505240965 545.423217773438 574.936279296875 1  0
id 1505240965 573.5546875 580.336853027344 1  2
id 1505240965 595.466064453125 585.685485839844 1  0
id 1505240965 606.494384765625 598.142883300781 1  0
id 1505240966 605.138366699219 616.422485351562 1  0
id 1505240966 615.335571289062 618.113830566406 1  0
id 1505240966 636.32275390625 611.13525390625 1  2
id 1505240966 629.029968261719 611.152099609375 1  0
id 1505240967 667.559448242188 603.916687011719 1  0
id 1505240969 698.200866699219 597.613220214844 1  0
id 1505240969 701.696899414062 588.951232910156 1  0
id 1505240969 718.789611816406 587.152160644531 1  0
id 1505240970 728.903625488281 582.896423339844 1  0
id 1505240970 744.970397949219 570.140258789062 1  0
id 1505240971 774.940734863281 547.931335449219 1  0
id 1505240972 782.152770996094 550.893005371094 1  0
id 1505240972 784.853332519531 543.158630371094 1  0
id 1505240973 806.707885742188 512.964294433594 1  0
id 1505240974 847.046325683594 471.374694824219 1  2
id 1505240974 826.776306152344 486.576416015625 1  0
id 1505240975 841.050659179688 464.127014160156 1  0
id 1505240975 843.712280273438 436.264495849609 1  0
id 1505240975 861.346801757812 431.759826660156 1  0
id 1505240975 855.282165527344 432.400634765625 1  0
id 1505240976 854.39990234375 432.293365478516 1  0
id 1505240976 843.509826660156 394.464324951172 1  0
id 1505240978 841.052368164062 352.868438720703 1  0
id 1505240978 844.791076660156 345.061126708984 1  0
id 1505240978 841.646606445312 338.49169921875 1  0
id 1505240978 839.3837890625 332.029357910156 1  0
id 1505240978 840.812255859375 328.073638916016 1  0
id 1505240978 838.827758789062 325.084777832031 1  0
id 1505240979 820.9013671875 308.157165527344 1  0
id 1505240980 817.117248535156 286.9853515625 1  0
id 1505240980 794.827331542969 278.456848144531 1  0
id 1505240980 791.866394042969 267.529541015625 1  0
id 1505240980 788.129028320312 264.338989257812 1  0
id 1505240982 748.3037109375 231.792327880859 1  0
id 1505240982 737.390258789062 225.701416015625 1  0
id 1505240982 743.891296386719 237.544616699219 1  0
id 1505240983 717.321350097656 209.211349487305 1  0
id 1505240985 634.701110839844 201.786163330078 1  0
id 1505240986 605.750122070312 196.829284667969 1  0
id 1505240987 532.784301757812 220.94059753418 1  0
id 1505240987 535.949401855469 217.215744018555 1  0
id 1505240987 539.381286621094 216.939178466797 1  0
id 1505240987 542.868713378906 219.607925415039 1  0
id 1505240988 576.364990234375 214.826766967773 1  0
id 1505240988 595.435119628906 197.662948608398 1  0
id 1505240988 588.780456542969 194.381759643555 1  0
id 1505240991 646.024230957031 193.748016357422 1  0
id 1505240991 660.429504394531 196.233581542969 1  0
id 1505240991 702.341064453125 199.805953979492 1  0
id 1505240991 713.596801757812 206.03125 1  0
