id 1505249840 777.110717773438 258.626770019531 1  2
id 1505249841 823.109741210938 336.916320800781 3  0
id 1505249842 830.658935546875 335.652648925781 2  0
id 1505249844 848.837341308594 421.676391601562 2  2
id 1505249845 851.017456054688 446.441955566406 1  0
id 1505249845 833.585815429688 450.687774658203 1  2
id 1505249846 818.964050292969 507.221008300781 2  0
id 1505249847 799.657836914062 528.516357421875 2  2
id 1505249847 783.8125 549.559387207031 1  0
id 1505249848 754.208190917969 574.906005859375 1  2
id 1505249849 724.4833984375 593.618408203125 2  0
id 1505249849 701.417663574219 598.582458496094 2  2
id 1505249849 675.952209472656 603.715698242188 1  0
id 1505249849 671.188232421875 607.370239257812 1  2
id 1505249849 696.374572753906 675.616149902344 0  0
id 1505249849 612.102722167969 611.583557128906 3  0
id 1505249850 562.926818847656 620.141662597656 3  2
id 1505249850 567.892944335938 607.246704101562 3  2
id 1505249850 550.069519042969 579.626586914062 1  0
id 1505249851 508.311767578125 549.601196289062 1  2
id 1505249851 497.514434814453 540.481140136719 1  2
id 1505249853 466.765991210938 494.127258300781 2  0
id 1505249853 457.315368652344 476.790374755859 1  0
id 1505249853 441.499938964844 446.773895263672 2  0
id 1505249853 453.829742431641 438.760986328125 1  0
id 1505249854 442.350158691406 391.852874755859 2  0
id 1505249855 451.485992431641 345.182739257812 2  2
id 1505249855 467.371368408203 326.702484130859 1  0
id 1505249855 469.754119873047 316.502197265625 1  2
id 1505249855 478.886871337891 294.736968994141 1  2
id 1505249855 472.659484863281 284.163360595703 2  0
id 1505249855 488.017852783203 272.976013183594 2  2
id 1505249856 515.780334472656 249.958221435547 2  2
id 1505249857 538.747741699219 234.379653930664 2  0
id 1505249857 558.545043945312 222.493362426758 1  0
id 1505249859 616.708984375 200.376342773438 1  2
id 1505249859 621.518920898438 200.175903320312 2  0
id 1505249859 646.1416015625 194.982772827148 1  0
id 1505249859 674.651550292969 202.796020507812 1  2
id 1505249859 689.944580078125 201.784027099609 1  2
id 1505249859 716.303649902344 210.296249389648 1  2
id 1505249860 760.813903808594 234.742462158203 2  0
id 1505249861 790.424194335938 260.556884765625 1  0
id 1505249863 844.405151367188 333.574554443359 1  2
id 1505249863 848.912048339844 347.498321533203 1  2
id 1505249863 850.167724609375 364.456665039062 1  2
id 1505249865 826.50048828125 479.630035400391 1  2
id 1505249866 813.493041992188 487.207794189453 2  0
id 1505249866 808.999389648438 511.260437011719 1  0
id 1505249867 766.15478515625 564.795776367188 3  0
id 1505249867 773.296752929688 560.267150878906 1  0
id 1505249867 738.486877441406 576.033447265625 2  0
id 1505249868 717.791259765625 587.464294433594 2  2
id 1505249868 714.338806152344 587.711364746094 1  0
id 1505249868 701.697875976562 595.246643066406 3  0
id 1505249868 672.095153808594 600.676391601562 1  0
id 1505249868 651.603698730469 616.964904785156 1  2
id 1505249868 655.829650878906 598.524475097656 2  0
id 1505249868 644.521423339844 602.645446777344 2  2
id 1505249868 619.787719726562 622.368225097656 3  0
id 1505249869 599.7509765625 608.107727050781 3  2
id 1505249869 595.401916503906 605.281921386719 3  2
id 1505249870 527.8369140625 572.528198242188 3  2
id 1505249870 504.516448974609 539.625915527344 1  0
id 1505249870 504.005401611328 547.132934570312 2  0
id 1505249870 491.440277099609 534.843444824219 3  0
id 1505249870 486.212554931641 528.972534179688 3  2
id 1505249871 478.883850097656 522.562255859375 3  2
id 1505249871 449.097839355469 449.848449707031 1  0
id 1505249872 442.673065185547 401.514892578125 3  0
id 1505249872 453.931304931641 348.281280517578 2  0
id 1505249873 457.413513183594 316.748992919922 1  0
id 1505249873 465.973815917969 309.017578125 2  0
id 1505249873 474.222076416016 314.089813232422 3  0
id 1505249873 480.90185546875 276.800811767578 2  0
id 1505249873 510.178283691406 260.74609375 1  0
id 1505249873 520.851684570312 256.128082275391 1  2
id 1505249874 542.443420410156 240.48210144043 1  0
id 1505249874 546.575744628906 235.674667358398 3  0
id 1505249874 570.596923828125 217.763229370117 1  0
id 1505249874 595.07763671875 208.615921020508 1  2
id 1505249874 607.286926269531 201.107345581055 2  0
id 1505249874 653.532958984375 204.259475708008 1  0
id 1505249874 670.691467285156 202.93000793457 1  2
id 1505249874 690.879821777344 205.170394897461 1  2
id 1505249874 702.37109375 211.200378417969 2  0
id 1505249874 718.279907226562 230.394714355469 3  0
id 1505249875 734.513977050781 215.8125 1  0
id 1505249875 746.977722167969 225.413589477539 1  0
id 1505249875 763.80810546875 237.804656982422 2  0
id 1505249876 790.328857421875 249.811141967773 1  0
id 1505249876 802.415100097656 263.283416748047 1  2
id 1505249876 807.291015625 272.976013183594 1  2
id 1505249877 838.171447753906 333.869934082031 1  2
id 1505249878 842.278869628906 361.218597412109 2  0
id 1505249879 828.098999023438 496.610015869141 1  0
id 1505249879 824.155090332031 506.84375 1  2
id 1505249880 769.561279296875 563.852783203125 2  0
id 1505249880 763.819091796875 570.899475097656 3  0
id 1505249880 736.587097167969 576.169677734375 3  2
id 1505249880 701.632995605469 591.935913085938 2  0
id 1505249880 680.780883789062 603.37109375 1  0
id 1505249880 652.509521484375 605.388549804688 1  2
id 1505249881 639.353942871094 603.014465332031 1  2
id 1505249881 600.168518066406 609.12353515625 1  2
id 1505249881 574.021545410156 601.0615234375 1  2
id 1505249881 563.710388183594 601.798889160156 1  2
id 1505249881 585.991271972656 609.08984375 3  0
id 1505249881 561.019287109375 607.737609863281 2  0
id 1505249881 567.797973632812 600.984252929688 3  0
id 1505249881 533.308044433594 594.053588867188 2  0
id 1505249881 524.932250976562 585.259643554688 2  2
id 1505249881 523.173645019531 555.130432128906 1  0
id 1505249881 510.014038085938 549.30419921875 1  2
id 1505249881 506.291198730469 560.173828125 3  0
id 1505249881 487.202453613281 538.276794433594 3  2
id 1505249881 482.040130615234 513.481079101562 1  0
id 1505249881 463.643432617188 476.324981689453 1  2
id 1505249881 456.087890625 466.482666015625 1  2
id 1505249882 452.346588134766 442.161041259766 1  2
id 1505249883 453.108306884766 378.595184326172 3  0
id 1505249883 450.516571044922 348.539123535156 2  0
id 1505249883 453.187042236328 335.033233642578 1  0
id 1505249884 461.993927001953 333.329650878906 3  0
id 1505249884 469.627014160156 312.193756103516 2  0
id 1505249884 482.128173828125 296.907287597656 2  2
id 1505249884 489.211761474609 282.724945068359 1  0
id 1505249884 489.701782226562 272.501708984375 2  0
id 1505249884 492.134216308594 277.839721679688 3  0
id 1505249884 509.035858154297 256.690826416016 1  0
id 1505249884 521.985961914062 245.337905883789 1  2
id 1505249884 537.114501953125 230.708389282227 1  2
id 1505249884 555.977661132812 225.108535766602 2  0
id 1505249884 569.386962890625 217.68424987793 1  0
id 1505249884 590.686279296875 212.237030029297 2  0
id 1505249884 600.716735839844 208.006317138672 1  0
id 1505249884 607.531433105469 204.542251586914 1  2
id 1505249884 637.412109375 205.508529663086 2  0
id 1505249884 658.101928710938 200.621459960938 1  0
id 1505249884 668.288696289062 203.116180419922 2  0
id 1505249884 697.750244140625 204.638473510742 1  0
id 1505249885 721.169860839844 213.035110473633 3  0
id 1505249885 733.12548828125 215.746520996094 1  0
id 1505249885 746.753845214844 231.839401245117 1  2
id 1505249885 758.72265625 234.556701660156 1  2
id 1505249885 789.477844238281 242.940399169922 1  2
id 1505249885 793.178283691406 246.124496459961 1  2
id 1505249885 804.857238769531 258.75927734375 2  0
id 1505249886 813.979858398438 293.125854492188 2  2
id 1505249887 845.825805664062 413.884185791016 1  0
id 1505249888 832.336547851562 450.256683349609 1  2
id 1505249888 829.964294433594 460.542541503906 1  2
id 1505249888 822.687561035156 482.176055908203 1  2
id 1505249889 799.795288085938 535.139099121094 1  2
id 1505249889 774.123779296875 566.842224121094 2  0
id 1505249889 716.648254394531 590.862121582031 2  2
id 1505249889 693.76123046875 595.813842773438 3  0
id 1505249889 682.441284179688 599.937561035156 2  0
id 1505249890 653.997253417969 601.96875 1  0
id 1505249890 630.708679199219 615.3134765625 1  2
id 1505249890 607.050720214844 608.632446289062 1  2
id 1505249890 627.486450195312 618.681701660156 2  0
id 1505249890 607.38330078125 598.67578125 2  2
id 1505249890 573.56591796875 604.403076171875 1  0
id 1505249890 558.863159179688 601.623229980469 2  0
id 1505249890 553.865112304688 589.447448730469 3  0
id 1505249890 541.36376953125 563.727661132812 1  0
id 1505249890 519.819091796875 541.643615722656 1  2
id 1505249890 499.886596679688 532.493408203125 2  0
id 1505249890 491.021789550781 518.900939941406 2  2
id 1505249890 476.358520507812 471.229187011719 1  0
id 1505249890 474.602874755859 460.785125732422 1  2
id 1505249890 461.395141601562 433.870819091797 1  2
id 1505249891 451.775390625 413.985473632812 3  0
id 1505249891 446.088989257812 401.259674072266 3  2
id 1505249891 445.282806396484 369.673706054688 2  0
id 1505249891 451.705902099609 358.300170898438 1  0
id 1505249891 454.170135498047 344.288696289062 1  2
id 1505249891 455.916625976562 349.686676025391 3  0
id 1505249891 463.924072265625 331.455718994141 3  2
id 1505249891 466.148376464844 314.012603759766 3  2
id 1505249891 469.896850585938 303.710906982422 3  2
id 1505249891 476.250061035156 296.319488525391 3  2
id 1505249891 488.386749267578 288.140655517578 2  0
id 1505249891 497.199798583984 266.748260498047 3  0
id 1505249891 516.983337402344 254.871612548828 3  2
id 1505249891 529.126647949219 246.68701171875 3  2
id 1505249891 540.194152832031 242.727111816406 3  2
id 1505249892 564.608276367188 218.226593017578 1  0
id 1505249892 595.321594238281 212.050750732422 2  0
id 1505249892 642.584045410156 215.131652832031 1  0
id 1505249892 660.952209472656 213.884124755859 2  0
id 1505249892 680.744018554688 232.246994018555 3  0
id 1505249892 744.570373535156 218.499069213867 1  0
id 1505249892 755.9013671875 231.481994628906 1  2
id 1505249892 771.742980957031 237.368225097656 1  2
id 1505249892 785.479125976562 256.945983886719 1  2
id 1505249892 797.277099609375 280.681274414062 2  0
id 1505249892 811.839904785156 289.989227294922 1  0
id 1505249894 838.14453125 347.610961914062 1  2
id 1505249896 851.655883789062 403.347930908203 1  2
id 1505249896 852.138244628906 431.01806640625 1  2
id 1505249896 846.434448242188 452.707427978516 1  2
id 1505249896 819.379516601562 510.506622314453 1  2
id 1505249896 812.805236816406 527.564880371094 1  2
id 1505249896 786.78857421875 542.711486816406 3  0
id 1505249897 778.792297363281 566.506958007812 1  0
id 1505249897 771.906372070312 576.954895019531 3  0
id 1505249897 796.832824707031 656.306457519531 0  0
id 1505249897 741.131103515625 595.746520996094 2  0
id 1505249897 697.752502441406 619.964660644531 1  0
id 1505249897 699.088623046875 612.013610839844 2  0
id 1505249897 639.224426269531 623.078735351562 1  0
id 1505249897 618.558044433594 624.548217773438 1  2
id 1505249897 605.230590820312 622.009155273438 1  2
id 1505249897 592.377136230469 616.301147460938 1  2
id 1505249897 570.12841796875 604.648742675781 1  2
id 1505249897 573.48828125 613.117736816406 3  0
id 1505249897 537.381469726562 590.629516601562 2  0
id 1505249897 519.991027832031 576.22314453125 2  2
id 1505249897 513.760620117188 538.78173828125 1  0
id 1505249897 503.764831542969 543.67578125 2  0
id 1505249897 497.271667480469 529.5576171875 2  2
id 1505249897 483.055084228516 488.423980712891 1  0
id 1505249898 476.052154541016 471.771789550781 1  2
id 1505249898 469.749053955078 440.352264404297 1  2
id 1505249898 464.898223876953 419.932067871094 1  2
id 1505249898 465.845520019531 364.150329589844 1  0
id 1505249898 460.758239746094 342.753967285156 2  0
id 1505249898 474.257873535156 314.605285644531 1  0
id 1505249898 497.134674072266 297.835571289062 2  0
id 1505249898 531.778259277344 284.480316162109 3  0
id 1505249898 548.328735351562 260.580413818359 1  0
id 1505249898 606.734680175781 224.814376831055 1  0
id 1505249898 627.130920410156 235.339141845703 3  0
id 1505249898 653.768249511719 236.40022277832 3  2
id 1505249898 720.596740722656 226.580596923828 1  0
id 1505249898 781.063720703125 246.359985351562 1  0
id 1505249898 805.9892578125 269.430755615234 2  0
id 1505249898 833.609924316406 281.561431884766 1  0
id 1505249898 844.329162597656 294.990997314453 1  2
id 1505249898 847.362365722656 326.569946289062 1  2
id 1505249899 848.386840820312 340.405700683594 1  2
id 1505249899 847.759643554688 350.716400146484 1  2
id 1505249900 843.493347167969 424.685272216797 2  0
id 1505249900 843.339416503906 432.015960693359 2  2
