q_ 1505325339 158.428283691406 286.583343505859 1  0
q_ 1505325339 149.100830078125 280.551391601562 1  0
q_ 1505325340 146.174270629883 277.836029052734 1  0
q_ 1505325340 140.005035400391 277.960235595703 1  0
q_ 1505325340 150.626205444336 280.262481689453 1  0
q_ 1505325341 142.019500732422 277.288330078125 1  0
q_ 1505325341 154.130508422852 276.193298339844 1  0
q_ 1505325342 156.768157958984 269.425506591797 1  0
q_ 1505325342 163.086044311523 268.944061279297 1  0
q_ 1505325343 144.339111328125 270.890960693359 1  0
w_ 1505325343 262.938293457031 272.059417724609 2  0
w_ 1505325344 268.082305908203 271.840850830078 2  0
w_ 1505325344 261.239379882812 272.361694335938 2  0
w_ 1505325345 266.212219238281 272.156158447266 1  0
w_ 1505325345 259.369506835938 272.676971435547 1  0
w_ 1505325345 256.266967773438 272.567230224609 2  0
w_ 1505325345 269.592926025391 268.784790039062 1  0
w_ 1505325346 256.418121337891 279.822021484375 1  0
w_ 1505325346 253.080749511719 276.269653320312 1  0
w_ 1505325347 251.655654907227 270.496459960938 2  0
w_ 1505325347 271.079895019531 265.384826660156 1  0
w_ 1505325347 269.804931640625 271.882690429688 1  0
e_ 1505325348 352.965759277344 279.752471923828 2  0
e_ 1505325348 384.331329345703 277.368743896484 1  0
e_ 1505325348 362.814758300781 272.768920898438 2  0
e_ 1505325348 370.103454589844 278.450042724609 2  0
e_ 1505325349 371.323364257812 271.255889892578 1  0
e_ 1505325349 378.420623779297 274.180267333984 1  0
e_ 1505325350 371.347473144531 271.600463867188 2  0
e_ 1505325350 373.266326904297 274.398864746094 1  0
e_ 1505325350 380.171020507812 274.566833496094 2  0
e_ 1505325351 376.477233886719 271.037078857422 1  0
e_ 1505325351 369.356567382812 267.768707275391 2  0
r_ 1505325352 483.105834960938 259.460723876953 1  0
r_ 1505325352 482.096160888672 276.701293945312 1  0
r_ 1505325353 488.495788574219 269.625885009766 2  0
r_ 1505325353 489.706024169922 262.425537109375 1  0
r_ 1505325353 490.448150634766 272.772064208984 1  0
r_ 1505325354 495.588287353516 272.208190917969 1  0
r_ 1505325354 469.892364501953 277.454620361328 1  0
r_ 1505325355 486.992645263672 279.971405029297 1  0
r_ 1505325355 491.683013916016 265.915954589844 1  0
r_ 1505325356 473.079864501953 273.744720458984 2  0
t_ 1505325356 599.741821289062 278.18310546875 2  0
t_ 1505325356 599.650939941406 281.662750244141 1  0
t_ 1505325357 597.329956054688 271.248046875 1  0
t_ 1505325357 589.517761230469 261.427856445312 2  0
t_ 1505325358 609.696960449219 260.588500976562 1  0
t_ 1505325358 611.830871582031 263.724212646484 2  0
t_ 1505325358 614.154479980469 274.137817382812 1  0
t_ 1505325358 615.300415039062 280.302307128906 1  0
t_ 1505325359 614.727416992188 277.219909667969 1  0
t_ 1505325359 597.001281738281 278.564575195312 2  0
t_ 1505325360 601.310607910156 275.980560302734 1  0
t_ 1505325360 594.286071777344 279.291412353516 2  0
y_ 1505325360 700.500122070312 272.972473144531 1  0
y_ 1505325360 717.361145019531 275.865386962891 1  0
y_ 1505325361 713.97216796875 272.298370361328 1  0
y_ 1505325361 704.874206542969 273.509704589844 2  0
y_ 1505325362 704.874206542969 273.509704589844 1  0
y_ 1505325362 699.802185058594 277.544097900391 1  0
y_ 1505325363 706.697631835938 277.021392822266 1  0
y_ 1505325363 702.990905761719 273.826354980469 2  0
y_ 1505325363 708.003051757812 273.620056152344 1  0
y_ 1505325364 697.660400390625 274.404327392578 1  0
u_ 1505325364 810.567138671875 269.147766113281 1  0
u_ 1505325365 810.94091796875 262.683441162109 1  0
u_ 1505325365 827.625610351562 265.070983886719 2  0
u_ 1505325366 834.561645507812 264.893035888672 1  0
u_ 1505325366 835.983215332031 260.783874511719 1  0
u_ 1505325367 812.189331054688 263.110534667969 1  0
u_ 1505325367 824.463134765625 269.138244628906 1  0
u_ 1505325367 806.394836425781 273.639129638672 2  0
u_ 1505325368 802.941223144531 273.900817871094 1  0
u_ 1505325368 804.453857421875 277.787872314453 2  0
i_ 1505325369 934.013854980469 277.904602050781 1  0
i_ 1505325369 929.242980957031 274.781402587891 1  0
i_ 1505325369 922.56494140625 278.422454833984 1  0
i_ 1505325370 920.27978515625 271.453735351562 1  0
i_ 1505325370 934.964233398438 272.258026123047 1  0
i_ 1505325371 912.521484375 272.389495849609 2  0
i_ 1505325371 922.07763671875 272.1884765625 1  0
i_ 1505325372 918.400817871094 269.680297851562 1  0
i_ 1505325372 916.954711914062 273.447174072266 1  0
i_ 1505325372 914.967834472656 270.288604736328 2  0
i_ 1505325372 908.102233886719 271.505035400391 2  0
o_ 1505325373 1043.65954589844 276.061706542969 1  0
o_ 1505325373 1034.21313476562 280.089630126953 1  0
o_ 1505325374 1017.50988769531 278.387512207031 2  0
o_ 1505325374 1023.53509521484 277.408874511719 1  0
o_ 1505325375 1015.6171875 278.704925537109 2  0
o_ 1505325375 1033.96398925781 276.969177246094 1  0
o_ 1505325375 1025.30993652344 277.797821044922 1  0
o_ 1505325375 1037.73620605469 280.520965576172 1  0
o_ 1505325376 1016.91491699219 275.2939453125 2  0
o_ 1505325376 1016.91491699219 275.2939453125 2  0
o_ 1505325377 1030.24780273438 274.111175537109 1  0
p_ 1505325379 1131.74755859375 277.256652832031 2  0
p_ 1505325379 1151.11315917969 268.286804199219 1  0
p_ 1505325380 1147.40747070312 276.422882080078 2  0
p_ 1505325380 1153.13623046875 278.085479736328 1  0
p_ 1505325381 1160.17797851562 274.410583496094 1  0
p_ 1505325381 1165.486328125 277.327362060547 1  0
p_ 1505325382 1171.73754882812 270.394104003906 1  0
a 1505325383 206.087158203125 402.673431396484 1  0
a 1505325383 219.394775390625 375.475738525391 2  0
a 1505325384 212.263427734375 376.8798828125 1  0
a 1505325384 219.110763549805 376.364288330078 1  0
a 1505325384 213.034271240234 373.006561279297 2  0
a 1505325385 220.087448120117 372.995513916016 1  0
a 1505325385 209.817031860352 373.769104003906 1  0
a 1505325385 211.797790527344 369.978485107422 2  0
a 1505325385 211.053558349609 376.797485351562 1  0
a 1505325386 225.725326538086 372.3974609375 1  0
a 1505325386 215.221008300781 369.720550537109 1  0
a 1505325387 207.37109375 370.658874511719 1  0
s 1505325387 323.877868652344 372.12109375 2  0
s 1505325388 336.270874023438 381.780853271484 2  0
s 1505325388 324.838470458984 376.041900634766 1  0
s 1505325388 316.356414794922 373.034423828125 2  0
s 1505325389 317.555084228516 380.409637451172 1  0
s 1505325389 331.092620849609 379.217956542969 1  0
s 1505325390 313.641845703125 383.65576171875 2  0
s 1505325390 322.369018554688 380.221313476562 2  0
s 1505325390 329.616882324219 375.335235595703 1  0
s 1505325391 316.171142578125 380.340118408203 2  0
s 1505325391 316.833282470703 379.943054199219 2  0
d 1505325392 429.517211914062 382.418640136719 1  0
d 1505325392 442.025390625 380.957458496094 1  0
d 1505325393 432.709259033203 378.702056884766 1  0
d 1505325393 424.953674316406 376.503936767578 1  0
d 1505325394 424.953674316406 376.503936767578 1  0
d 1505325394 432.464599609375 375.244018554688 1  0
d 1505325394 428.783782958984 372.044769287109 2  0
d 1505325395 439.902130126953 377.813842773438 1  0
d 1505325395 429.028228759766 375.502349853516 1  0
d 1505325396 430.342193603516 372.101409912109 1  0
d 1505325396 433.629608154297 379.502075195312 1  0
f 1505325397 549.810607910156 376.688629150391 1  0
f 1505325397 547.545104980469 383.646362304688 1  0
f 1505325398 544.602966308594 390.830017089844 1  0
f 1505325398 543.040649414062 390.773132324219 2  0
f 1505325399 549.107299804688 383.703247070312 1  0
f 1505325399 545.66357421875 383.961669921875 2  0
f 1505325400 539.916320800781 390.659210205078 1  0
f 1505325400 534.341247558594 387.770111083984 1  0
g 1505325401 657.652465820312 382.179138183594 2  0
g 1505325401 653.596496582031 385.968292236328 1  0
g 1505325401 655.737915039062 389.118988037109 1  0
g 1505325402 658.355407714844 382.300659179688 1  0
g 1505325402 654.842590332031 386.397674560547 2  0
g 1505325402 661.229309082031 378.948760986328 1  0
g 1505325403 646.12109375 383.392303466797 1  0
g 1505325403 656.276428222656 375.313171386719 1  0
g 1505325404 650.623107910156 376.259979248047 1  0
g 1505325404 650.942443847656 375.887603759766 1  0
g 1505325405 653.339904785156 382.502532958984 1  0
h 1505325405 751.204467773438 379.524078369141 1  0
h 1505325406 750.468933105469 383.590606689453 2  0
h 1505325406 765.553649902344 385.426177978516 1  0
h 1505325406 759.684448242188 379.062896728516 2  0
h 1505325407 758.116027832031 379.006072998047 1  0
h 1505325407 761.572143554688 378.747039794922 1  0
h 1505325408 755.919677734375 382.1357421875 2  0
h 1505325408 760.266052246094 382.158996582031 1  0
h 1505325409 761.891540527344 378.374237060547 1  0
h 1505325409 751.133850097656 383.191925048828 2  0
j 1505325410 879.744812011719 377.048767089844 1  0
j 1505325410 875.948913574219 377.507720947266 1  0
j 1505325411 883.47705078125 380.261901855469 1  0
j 1505325411 865.8291015625 381.757751464844 1  0
j 1505325412 862.418212890625 378.171813964844 1  0
j 1505325412 849.82275390625 379.638824462891 1  0
j 1505325413 878.053588867188 377.699371337891 1  0
j 1505325413 863.670166015625 378.601806640625 2  0
j 1505325413 870.965515136719 373.865234375 1  0
k 1505325414 980.99755859375 378.904296875 2  0
k 1505325414 993.402404785156 381.298095703125 1  0
k 1505325414 979.605773925781 383.378814697266 2  0
k 1505325415 994.845458984375 381.889495849609 1  0
k 1505325415 979.523498535156 382.336059570312 2  0
k 1505325416 976.081665039062 382.943023681641 2  0
k 1505325416 976.109069824219 383.290618896484 2  0
k 1505325417 996.018798828125 381.277221679688 1  0
k 1505325417 996.118225097656 378.122711181641 1  0
k 1505325418 997.192138671875 380.664947509766 1  0
l 1505325418 1078.98559570312 374.722503662109 2  0
l 1505325419 1091.89733886719 380.931793212891 2  0
l 1505325419 1087.52722167969 385.283782958984 2  0
l 1505325419 1105.84497070312 380.41455078125 1  0
l 1505325420 1079.02368164062 381.718811035156 2  0
l 1505325420 1094.19885253906 381.284820556641 2  0
l 1505325420 1089.17272949219 381.835388183594 2  0
l 1505325421 1084.94580078125 381.451293945312 2  0
l 1505325421 1083.39587402344 381.742065429688 2  0
l 1505325422 1097.72583007812 383.821746826172 1  0
l 1505325422 1078.98559570312 374.722503662109 2  0
z 1505325423 312.999114990234 494.489013671875 1  0
z 1505325423 325.618377685547 497.210174560547 2  0
z 1505325423 326.770294189453 483.8857421875 1  0
z 1505325423 316.954223632812 491.756500244141 2  0
z 1505325424 318.381988525391 502.451690673828 1  0
z 1505325424 315.615966796875 492.378479003906 2  0
z 1505325424 338.841125488281 501.107543945312 1  0
z 1505325425 338.041381835938 494.545318603516 1  0
z 1505325425 337.042449951172 497.581634521484 1  0
z 1505325426 318.089538574219 488.188598632812 2  0
z 1505325426 337.281616210938 486.065307617188 1  0
z 1505325426 316.995727539062 502.38037109375 1  0
z 1505325426 314.170288085938 491.440826416016 2  0
z 1505325427 324.107025146484 505.337738037109 1  0
z 1505325427 323.377349853516 494.763305664062 1  0
z 1505325427 324.536346435547 491.541534423828 2  0
x 1505325427 438.351165771484 490.234527587891 2  0
x 1505325428 432.857360839844 483.493347167969 1  0
x 1505325428 429.399444580078 498.223907470703 2  0
x 1505325428 430.717559814453 487.488189697266 1  0
x 1505325429 426.306121826172 483.805786132812 1  0
x 1505325429 441.1171875 492.645233154297 1  0
x 1505325430 458.762756347656 485.230865478516 1  0
x 1505325430 427.939697265625 487.345764160156 1  0
x 1505325431 418.767974853516 494.652770996094 2  0
x 1505325431 419.912414550781 491.254791259766 2  0
x 1505325432 419.676177978516 497.724365234375 1  0
c 1505325432 541.338195800781 498.999145507812 2  0
c 1505325433 539.162231445312 502.478332519531 1  0
c 1505325433 548.26171875 498.835327148438 1  0
c 1505325434 533.008117675781 496.473663330078 1  0
c 1505325434 529.420959472656 504.422241210938 1  0
c 1505325435 529.420959472656 504.422241210938 1  0
c 1505325435 526.361938476562 500.458221435547 1  0
c 1505325436 531.37451171875 500.261322021484 2  0
c 1505325436 545.11376953125 503.259857177734 1  0
c 1505325436 548.26171875 498.835327148438 1  0
c 1505325437 542.849304199219 495.918670654297 2  0
v 1505325437 671.948181152344 497.711395263672 1  0
v 1505325437 656.108093261719 502.031158447266 1  0
v 1505325438 650.397827148438 495.286468505859 2  0
v 1505325438 648.657348632812 495.240631103516 1  0
v 1505325439 642.003784179688 499.229339599609 1  0
v 1505325439 648.400634765625 491.763977050781 2  0
v 1505325440 644.971374511719 492.367553710938 1  0
v 1505325441 646.96826171875 495.890106201172 1  0
v 1505325441 646.198425292969 485.461181640625 2  0
v 1505325441 651.36767578125 484.903045654297 1  0
v 1505325441 642.744018554688 485.717346191406 1  0
b 1505325442 767.087158203125 497.667114257812 1  0
b 1505325442 764.573669433594 494.352996826172 1  0
b 1505325443 750.999816894531 501.307373046875 2  0
b 1505325443 763.905395507812 497.027465820312 1  0
b 1505325443 772.081481933594 496.947540283203 1  0
b 1505325444 763.322509765625 493.920654296875 1  0
b 1505325444 761.168823242188 490.755432128906 1  0
b 1505325445 769.720153808594 486.447814941406 1  0
b 1505325446 755.73779296875 490.282745361328 2  0
b 1505325446 770.623291015625 489.180450439453 1  0
b 1505325446 755.681945800781 480.315734863281 2  0
b 1505325446 757.604553222656 487.345275878906 1  0
n 1505325447 877.0830078125 482.347869873047 1  0
n 1505325447 860.129760742188 479.575805664062 2  0
n 1505325448 877.722839355469 481.599914550781 1  0
n 1505325448 884.339599609375 481.460266113281 1  0
n 1505325449 873.346069335938 479.122131347656 1  0
n 1505325449 874.523742675781 485.339538574219 1  0
n 1505325449 854.465270996094 487.524780273438 2  0
n 1505325450 846.064697265625 487.095855712891 2  0
n 1505325450 864.976928710938 492.701843261719 1  0
n 1505325450 864.388549804688 489.592559814453 1  0
n 1505325450 863.480285644531 486.857543945312 1  0
n 1505325451 863.480285644531 486.857543945312 1  0
m 1505325451 983.142333984375 494.658538818359 2  0
m 1505325452 977.352905273438 481.058868408203 1  0
m 1505325452 958.361999511719 486.145111083984 2  0
m 1505325452 960.968017578125 479.29150390625 1  0
m 1505325453 970.907653808594 492.405975341797 1  0
m 1505325453 976.192565917969 495.171997070312 1  0
m 1505325454 983.142333984375 494.658538818359 1  0
m 1505325454 980.841613769531 487.638519287109 2  0
m 1505325455 977.641662597656 491.382141113281 1  0
m 1505325455 975.945556640625 492.033660888672 1  0
m 1505325455 961.835327148438 485.888214111328 2  0
back 1505325456 1126.60400390625 494.245178222656 2  0
back 1505325456 1125.13073730469 497.691192626953 2  0
back 1505325456 1180.99206542969 496.909240722656 1  0
back 1505325457 1153.02087402344 495.809356689453 1  0
back 1505325457 1118.578125 494.661865234375 2  0
back 1505325458 1106.294921875 492.231903076172 2  0
back 1505325458 1117.119140625 491.784027099609 2  0
back 1505325459 1114.81298828125 491.427490234375 2  0
back 1505325459 1156.67724609375 489.039337158203 1  0
back 1505325459 1116.083984375 487.646057128906 2  0
back 1505325460 1134.30541992188 489.812713623047 2  0
space 1505325461 687.187438964844 606.922607421875 1  0
space 1505325462 685.255737304688 613.730285644531 2  0
space 1505325463 685.255737304688 613.730285644531 2  0
space 1505325463 657.210327148438 615.7802734375 2  0
space 1505325464 679.323486328125 604.165405273438 2  0
space 1505325464 668.937316894531 604.925415039062 2  0
space 1505325465 682.2939453125 597.283630371094 2  0
space 1505325465 643.18359375 600.147705078125 2  0
space 1505325466 657.573913574219 592.432189941406 3  0
space 1505325466 654.602600097656 599.311462402344 2  0
space 1505325466 667.408325195312 598.373718261719 1  0
enter 1505325467 1071.51794433594 615.604064941406 1  0
enter 1505325467 1065.56103515625 606.880126953125 2  0
enter 1505325467 1079.72924804688 608.664733886719 1  0
enter 1505325467 1072.04064941406 595.843200683594 2  0
enter 1505325468 1065.90466308594 589.250366210938 1  0
enter 1505325468 1075.11901855469 605.830871582031 1  0
enter 1505325469 1062.42016601562 589.505004882812 1  0
enter 1505325469 1064.66174316406 606.593505859375 2  0
enter 1505325470 1054.6162109375 597.115356445312 2  0
enter 1505325470 1059.01062011719 579.723876953125 2  0
enter 1505325471 1087.93286132812 577.608215332031 1  0
enter 1505325471 1079.84497070312 588.231750488281 1  0
enter 1505325471 1070.62475585938 593.481994628906 2  0
