id 1505240715 423.680084228516 405.944000244141 1  0
id 1505240716 480.433654785156 401.879455566406 1  0
id 1505240717 1512.81213378906 -137.662292480469 3  0
id 1505240717 505.050231933594 396.487609863281 2  0
id 1505240717 510.796752929688 399.345153808594 2  0
id 1505240717 542.246826171875 397.074157714844 1  0
id 1505240718 554.706237792969 399.412658691406 2  0
id 1505240718 1516.41674804688 516.007202148438 4  0
id 1505240718 550.709777832031 396.938354492188 2  0
id 1505240718 585.353881835938 397.379974365234 1  0
id 1505240719 601.015075683594 402.782989501953 2  0
id 1505240719 633.804931640625 400.936370849609 1  0
id 1505240719 635.640563964844 404.454528808594 1  0
id 1505240719 640.700988769531 400.401489257812 1  0
id 1505240719 642.584106445312 400.081146240234 1  0
id 1505240719 642.584106445312 400.081146240234 1  0
id 1505240719 659.831909179688 398.743255615234 1  0
id 1505240721 713.374755859375 401.396484375 1  0
id 1505240721 709.918395996094 401.664215087891 1  0
id 1505240721 677.633544921875 404.339538574219 2  0
id 1505240721 666.6875 402.048156738281 1  0
id 1505240722 680.323364257812 400.991271972656 1  0
id 1505240722 676.870666503906 401.258880615234 1  0
id 1505240723 624.558410644531 397.993988037109 1  2
id 1505240723 615.713745117188 395.718536376953 1  0
id 1505240723 612.538208007812 399.44970703125 1  0
id 1505240723 603.885803222656 399.598663330078 1  0
id 1505240723 595.020446777344 396.977416992188 2  0
id 1505240724 584.423522949219 394.317779541016 1  0
id 1505240724 570.9267578125 398.848907470703 1  0
id 1505240724 567.513122558594 399.462280273438 1  0
id 1505240724 546.851379394531 400.718994140625 1  0
id 1505240724 541.414184570312 397.486938476562 1  0
id 1505240725 532.835327148438 398.327758789062 2  0
id 1505240725 524.232177734375 398.822570800781 2  0
id 1505240725 506.793518066406 396.699829101562 1  0
id 1505240725 503.360198974609 396.966888427734 1  0
id 1505240726 499.927276611328 397.233947753906 1  0
id 1505240726 494.791870117188 397.807250976562 1  0
id 1505240726 469.074188232422 399.981567382812 1  0
id 1505240727 441.822143554688 402.101318359375 1  0
id 1505240727 438.395874023438 402.367828369141 2  0
id 1505240727 421.586303710938 403.327941894531 1  0
id 1505240727 420.032348632812 403.275085449219 1  0
id 1505240728 414.792083740234 400.036102294922 1  0
id 1505240728 414.792083740234 400.036102294922 2  0
id 1505240728 418.478393554688 403.222351074219 1  0
id 1505240728 418.215667724609 399.769561767578 1  0
id 1505240729 424.747802734375 399.608428955078 1  0
id 1505240729 436.893951416016 398.489166259766 1  0
id 1505240730 447.120452880859 401.515380859375 1  0
id 1505240730 453.975219726562 400.982177734375 1  0
id 1505240730 464.576629638672 399.809936523438 1  2
id 1505240730 469.562103271484 399.595977783203 1  0
id 1505240731 486.397338867188 398.634124755859 1  0
id 1505240731 502.000305175781 397.246520996094 1  0
id 1505240731 512.034729003906 392.987609863281 1  0
id 1505240732 512.61767578125 396.072784423828 1  0
id 1505240732 510.476165771484 392.93505859375 1  0
id 1505240732 532.595153808594 395.214691162109 1  0
id 1505240732 536.031616210938 394.947387695312 1  0
id 1505240733 534.738708496094 398.353851318359 1  0
id 1505240733 541.295776367188 398.192138671875 1  0
id 1505240733 548.171203613281 397.657775878906 1  0
id 1505240733 565.366333007812 396.321319580078 1  0
id 1505240734 631.479370117188 397.805358886719 2  0
id 1505240737 678.365539550781 398.177734375 2  0
id 1505240737 695.632934570312 396.838562011719 2  0
id 1505240737 697.346557617188 396.531127929688 2  0
