q_1_ 1505333751 152.506225585938 298.117126464844 1  0
q_1_ 1505333751 157.024459838867 294.718597412109 1  0
q_1_ 1505333753 161.372787475586 284.285522460938 1  0
q_1_ 1505333754 152.978988647461 281.299407958984 1  0
q_1_ 1505333755 165.211578369141 275.787292480469 1  0
q_1_ 1505333757 164.735168457031 286.927368164062 2  0
q_1_ 1505333757 164.568466186523 280.180084228516 2  0
w_2_ 1505333760 271.946533203125 291.311614990234 1  0
w_2_ 1505333760 274.939849853516 294.417846679688 1  0
w_2_ 1505333761 273.231628417969 288.93359375 1  0
w_2_ 1505333761 273.190277099609 289.883209228516 1  0
w_2_ 1505333762 286.544494628906 280.291473388672 1  0
w_2_ 1505333763 274.253356933594 289.130004882812 1  0
w_2_ 1505333763 275.028228759766 284.539520263672 2  0
w_2_ 1505333763 274.115875244141 289.892150878906 1  0
w_2_ 1505333764 274.461364746094 285.902526855469 1  0
w_2_ 1505333764 275.612426757812 286.815582275391 1  0
e_3_ 1505333765 363.414611816406 289.687164306641 1  0
e_3_ 1505333765 371.307556152344 288.09375 2  0
e_3_ 1505333766 377.178527832031 285.264099121094 1  0
e_3_ 1505333766 370.981384277344 286.716278076172 1  0
e_3_ 1505333767 376.226318359375 292.403411865234 2  0
e_3_ 1505333769 376.470428466797 287.722564697266 2  0
e_3_ 1505333769 375.658447265625 287.413879394531 2  0
e_3_ 1505333770 367.230529785156 278.502655029297 1  0
e_3_ 1505333770 374.855224609375 264.168060302734 2  0
r_4_ 1505333771 479.473999023438 280.417785644531 1  0
r_4_ 1505333771 487.338012695312 276.130615234375 2  0
r_4_ 1505333772 481.352691650391 279.060424804688 1  0
r_4_ 1505333772 475.571044921875 278.010620117188 1  0
r_4_ 1505333773 477.378143310547 276.149139404297 3  0
r_4_ 1505333774 476.406219482422 274.136474609375 2  0
r_4_ 1505333774 483.904266357422 270.878753662109 1  0
r_4_ 1505333775 494.090972900391 278.810882568359 1  0
r_4_ 1505333775 490.031860351562 285.924835205078 3  0
r_4_ 1505333776 493.004943847656 280.554443359375 1  0
t_5_ 1505333777 603.919067382812 289.885650634766 1  0
t_5_ 1505333777 607.253112792969 302.1279296875 2  0
t_5_ 1505333778 601.028381347656 293.884094238281 2  0
t_5_ 1505333778 605.950134277344 292.251739501953 1  0
t_5_ 1505333781 594.363464355469 288.042419433594 2  0
t_5_ 1505333783 595.901184082031 286.407257080078 1  0
y_6_ 1505333783 689.646850585938 287.505035400391 1  0
y_6_ 1505333784 692.588562011719 286.656951904297 1  0
y_6_ 1505333784 696.166625976562 284.851165771484 2  0
y_6_ 1505333786 693.216125488281 277.900085449219 1  0
y_6_ 1505333786 695.402770996094 278.698822021484 1  0
y_6_ 1505333788 697.597045898438 302.556304931641 1  0
y_6_ 1505333788 702.179382324219 300.976745605469 2  0
y_6_ 1505333789 715.250915527344 292.334838867188 1  0
u_7_ 1505333791 813.409362792969 292.604095458984 1  0
u_7_ 1505333792 815.869323730469 289.567230224609 1  0
u_7_ 1505333792 816.715270996094 286.508026123047 1  0
u_7_ 1505333792 820.352355957031 286.431640625 2  0
u_7_ 1505333793 819.337341308594 289.748596191406 1  0
u_7_ 1505333794 825.453674316406 277.928375244141 1  0
u_7_ 1505333795 825.469299316406 277.909881591797 3  0
u_7_ 1505333795 826.401000976562 268.38720703125 2  0
u_7_ 1505333796 823.17626953125 282.149963378906 1  0
u_7_ 1505333797 818.404968261719 283.955413818359 1  0
i_8_ 1505333798 929.931945800781 293.792510986328 3  0
i_8_ 1505333798 941.665344238281 298.61767578125 1  0
i_8_ 1505333798 932.468017578125 284.376007080078 1  0
i_8_ 1505333799 925.7314453125 287.695404052734 2  0
i_8_ 1505333799 922.670776367188 281.626922607422 1  0
i_8_ 1505333800 928.813049316406 279.413146972656 3  0
i_8_ 1505333800 925.768615722656 280.136108398438 1  0
i_8_ 1505333801 924.745849609375 286.858734130859 1  0
i_8_ 1505333802 923.184326171875 294.157470703125 1  0
i_8_ 1505333802 923.336486816406 284.939270019531 1  0
i_8_ 1505333803 926.8212890625 289.271423339844 1  0
i_8_ 1505333804 932.0439453125 283.793640136719 1  0
o_9_ 1505333804 1041.666015625 295.399505615234 2  0
o_9_ 1505333805 1028.4072265625 291.291748046875 1  0
o_9_ 1505333806 1028.513671875 291.165313720703 2  0
o_9_ 1505333806 1020.05548095703 293.750030517578 1  0
o_9_ 1505333807 1018.19134521484 301.054321289062 1  0
o_9_ 1505333807 1028.0498046875 292.904815673828 1  0
o_9_ 1505333808 1028.33654785156 283.654327392578 2  0
o_9_ 1505333809 1046.89611816406 289.402526855469 2  0
o_9_ 1505333809 1042.58190917969 288.349639892578 1  0
o_9_ 1505333810 1038.31958007812 285.176025390625 1  0
p_0_ 1505333810 1130.54077148438 295.631988525391 1  0
p_0_ 1505333811 1136.15051269531 292.693939208984 2  0
p_0_ 1505333811 1133.57055664062 289.953308105469 1  0
p_0_ 1505333812 1134.77941894531 290.793029785156 1  0
p_0_ 1505333812 1133.91296386719 293.939208984375 1  0
p_0_ 1505333813 1139.12719726562 291.084625244141 1  0
p_0_ 1505333813 1149.10388183594 292.441864013672 2  0
p_0_ 1505333814 1137.75268554688 295.739318847656 1  0
p_0_ 1505333814 1150.75927734375 287.154754638672 1  0
p_0_ 1505333815 1154.88098144531 291.899963378906 2  0
a 1505333818 229.039123535156 409.331420898438 1  0
a 1505333818 225.827026367188 411.1875 2  0
a 1505333819 225.034698486328 409.045654296875 1  0
a 1505333820 210.409896850586 401.198272705078 1  0
a 1505333821 213.834579467773 401.588836669922 1  0
a 1505333821 221.131942749023 398.024230957031 1  0
a 1505333822 225.69953918457 391.033996582031 1  0
a 1505333822 229.519012451172 389.919647216797 1  0
s 1505333823 336.686370849609 396.325897216797 1  0
s 1505333823 322.584655761719 397.683227539062 1  0
s 1505333824 320.738433837891 391.612182617188 1  0
s 1505333824 307.564636230469 391.665374755859 1  0
s 1505333825 311.454406738281 393.706909179688 1  0
s 1505333826 326.257537841797 400.204315185547 1  0
s 1505333827 328.116241455078 410.430389404297 1  0
s 1505333827 316.547180175781 414.051910400391 1  0
s 1505333828 324.637725830078 412.385955810547 1  0
d 1505333828 430.775390625 396.560180664062 2  0
d 1505333829 436.508148193359 416.327819824219 3  0
d 1505333829 437.716735839844 410.400299072266 3  0
d 1505333830 452.386962890625 410.952423095703 3  0
d 1505333830 436.537963867188 418.753967285156 1  0
d 1505333831 439.882202148438 407.862579345703 1  0
d 1505333831 437.307250976562 397.704040527344 1  0
d 1505333832 431.814605712891 398.765808105469 1  0
d 1505333832 423.594207763672 399.902313232422 1  0
d 1505333833 430.97314453125 401.108245849609 3  0
f 1505333834 539.237731933594 406.063293457031 2  0
f 1505333834 544.647033691406 402.572357177734 3  0
f 1505333835 555.552673339844 408.295196533203 1  0
f 1505333835 551.081237792969 411.057098388672 1  0
f 1505333836 552.646057128906 401.700744628906 1  0
f 1505333836 550.20751953125 396.415283203125 1  0
f 1505333836 540.655212402344 403.223602294922 1  0
f 1505333837 540.250061035156 401.351959228516 1  0
f 1505333837 548.723388671875 402.962768554688 1  0
f 1505333838 541.520202636719 401.604675292969 1  0
f 1505333838 541.253234863281 402.520782470703 1  0
g 1505333839 644.270690917969 390.770935058594 1  0
g 1505333839 652.819946289062 404.065856933594 1  0
g 1505333840 654.563842773438 388.286682128906 1  0
g 1505333840 645.277648925781 388.285766601562 1  0
g 1505333841 642.378723144531 386.349060058594 1  0
g 1505333841 642.297607421875 387.703521728516 2  0
g 1505333842 658.602416992188 402.996215820312 1  0
g 1505333842 648.37744140625 391.748596191406 1  0
g 1505333843 655.605895996094 396.140686035156 1  0
g 1505333843 655.809875488281 404.164428710938 2  0
h 1505333844 759.162231445312 398.17822265625 1  0
h 1505333844 765.725463867188 402.012145996094 1  0
h 1505333846 761.503479003906 410.797637939453 1  0
h 1505333847 761.336791992188 394.504913330078 1  0
h 1505333849 764.4658203125 397.972076416016 1  0
j 1505333850 887.638977050781 430.33837890625 2  0
j 1505333850 869.661682128906 416.863159179688 1  0
j 1505333851 871.755432128906 398.097290039062 1  0
j 1505333851 875.948364257812 398.192962646484 1  0
j 1505333852 871.772155761719 406.842742919922 1  0
j 1505333852 874.162231445312 401.717620849609 1  0
j 1505333853 875.1796875 395.966827392578 1  0
j 1505333853 867.272094726562 404.18701171875 1  0
j 1505333853 868.685119628906 414.831604003906 1  0
j 1505333854 865.415405273438 406.823791503906 1  0
j 1505333854 863.647583007812 398.611022949219 1  0
k 1505333855 999.786560058594 401.173522949219 1  0
k 1505333856 988.480651855469 408.457122802734 1  0
k 1505333856 997.322998046875 415.616485595703 1  0
k 1505333857 991.719665527344 405.033050537109 1  0
k 1505333857 999.378356933594 398.257537841797 1  0
k 1505333858 979.433288574219 403.108093261719 1  0
k 1505333858 986.188903808594 406.195526123047 1  0
k 1505333858 981.474365234375 402.973114013672 1  0
k 1505333859 987.60498046875 400.246978759766 1  0
k 1505333860 991.478088378906 407.735412597656 1  0
l 1505333861 1098.16088867188 407.659820556641 1  0
l 1505333861 1084.26745605469 402.495269775391 1  0
l 1505333862 1096.189453125 402.995269775391 1  0
l 1505333862 1083.65844726562 416.391326904297 1  0
l 1505333864 1083.07116699219 400.029449462891 1  0
l 1505333864 1084.31872558594 408.924743652344 1  0
l 1505333865 1085.45690917969 413.867980957031 1  0
l 1505333865 1090.58081054688 402.689880371094 1  0
l 1505333866 1085.23083496094 403.698089599609 1  0
z 1505333867 320.241424560547 516.94921875 1  0
z 1505333868 316.943664550781 533.119567871094 2  0
z 1505333869 322.305145263672 513.172546386719 1  0
z 1505333870 337.929992675781 522.421081542969 1  0
z 1505333871 348.826202392578 503.869873046875 1  0
z 1505333872 334.707977294922 511.777252197266 1  0
x 1505333872 440.977722167969 527.246154785156 2  0
x 1505333873 451.556365966797 517.217956542969 1  0
x 1505333873 458.6181640625 528.331359863281 1  0
x 1505333874 448.113342285156 523.452026367188 3  0
x 1505333874 451.543243408203 517.028442382812 3  0
x 1505333875 452.989044189453 527.190185546875 3  0
x 1505333875 468.984100341797 535.616394042969 2  0
x 1505333876 436.547943115234 518.459045410156 1  0
x 1505333876 422.096160888672 507.780670166016 1  0
x 1505333877 428.204132080078 510.508697509766 2  0
c 1505333877 539.125122070312 512.848693847656 1  0
c 1505333877 542.429443359375 511.568328857422 1  0
c 1505333878 556.337768554688 512.891540527344 1  0
c 1505333878 551.476745605469 514.253356933594 1  0
c 1505333879 549.441162109375 510.834411621094 1  0
c 1505333880 542.775268554688 511.709228515625 1  0
c 1505333881 550.522155761719 514.866516113281 1  0
c 1505333881 550.724975585938 518.766906738281 1  0
c 1505333882 561.436889648438 515.788330078125 1  0
c 1505333882 560.6533203125 515.2158203125 1  0
v 1505333883 663.263671875 501.472564697266 1  0
v 1505333883 654.565673828125 521.170104980469 1  0
v 1505333884 656.589538574219 520.705749511719 1  0
b 1505333884 674.715942382812 517.595275878906 2  0
v 1505333885 675.937622070312 506.634613037109 1  0
v 1505333885 654.866882324219 513.423645019531 1  0
v 1505333886 647.367065429688 519.289794921875 1  0
v 1505333887 640.736206054688 513.181335449219 1  0
v 1505333887 636.028625488281 506.224090576172 1  0
v 1505333888 638.786193847656 504.318267822266 1  0
b 1505333888 768.288024902344 515.91455078125 1  0
b 1505333888 770.153869628906 510.726196289062 1  0
b 1505333889 768.720642089844 497.352325439453 1  0
b 1505333889 767.321350097656 498.090057373047 1  0
b 1505333890 758.187927246094 504.431030273438 1  0
b 1505333890 758.439575195312 504.565216064453 1  0
b 1505333891 751.824890136719 496.79833984375 1  0
b 1505333891 747.54541015625 515.56591796875 1  0
b 1505333892 756.172302246094 501.358764648438 1  0
b 1505333893 767.522644042969 502.456756591797 1  0
n 1505333894 863.968627929688 508.768768310547 1  0
n 1505333894 865.185119628906 509.731536865234 1  0
n 1505333895 865.1796875 513.025451660156 1  0
n 1505333896 868.434753417969 501.177368164062 1  0
n 1505333896 866.692810058594 505.125274658203 1  0
n 1505333898 862.326965332031 498.91357421875 1  0
n 1505333898 863.966247558594 506.329681396484 1  0
m 1505333899 977.924377441406 498.311737060547 1  0
m 1505333899 991.436279296875 521.474609375 1  0
m 1505333899 990.209106445312 521.424377441406 1  0
m 1505333900 978.482421875 518.971862792969 1  0
m 1505333900 974.105712890625 509.767120361328 1  0
m 1505333901 977.464965820312 511.079986572266 1  0
m 1505333902 991.957641601562 523.456359863281 1  0
m 1505333902 990.528259277344 516.31005859375 1  0
m 1505333903 979.780517578125 512.219665527344 1  0
m 1505333903 982.818908691406 513.916442871094 1  0
back 1505333904 1125.12255859375 506.110046386719 1  0
back 1505333905 1136.70654296875 511.146453857422 1  0
back 1505333905 1137.15258789062 509.957855224609 3  0
back 1505333906 1125.79956054688 513.056335449219 3  0
back 1505333906 1135.19787597656 502.490295410156 2  0
back 1505333907 1120.41125488281 505.072601318359 3  0
back 1505333907 1127.18054199219 499.580200195312 1  0
back 1505333908 1124.58044433594 500.892150878906 3  0
back 1505333908 1123.45788574219 496.698822021484 1  0
back 1505333908 1136.12463378906 490.768737792969 3  0
space 1505333909 650.206909179688 639.200317382812 1  0
space 1505333910 666.124633789062 624.186462402344 1  0
space 1505333910 662.117919921875 621.887634277344 1  0
space 1505333911 675.316650390625 621.601196289062 1  0
space 1505333911 683.637634277344 623.503784179688 1  0
space 1505333912 658.191833496094 620.657836914062 1  0
space 1505333912 673.028442382812 617.941650390625 1  0
space 1505333913 655.562866210938 613.110168457031 1  0
space 1505333913 695.914001464844 628.784484863281 1  0
space 1505333914 656.022521972656 620.239318847656 1  0
enter 1505333916 1014.44635009766 610.440063476562 1  0
enter 1505333919 1052.62084960938 607.132446289062 1  0
enter 1505333919 1052.66748046875 610.626953125 1  0
enter 1505333920 1046.41613769531 614.990905761719 1  0
enter 1505333949 1053.0224609375 621.528198242188 1  0
enter 1505333951 1034.17907714844 638.017211914062 1  0
enter 1505333951 1043.69128417969 629.816772460938 1  0
enter 1505333952 1038.73852539062 626.8193359375 1  0
enter 1505333953 1051.68017578125 628.335144042969 1  0
enter 1505333954 1054.80737304688 632.57275390625 1  0
enter 1505333955 1053.91247558594 627.671997070312 1  0
