q_ 1505251210 136.421600341797 269.024536132812 1  0
q_ 1505251229 162.854995727539 274.625 2  0
q_ 1505251230 163.424270629883 280.528656005859 2  0
q_ 1505251230 158.090393066406 282.931488037109 2  0
q_ 1505251231 145.992126464844 293.980163574219 2  0
q_ 1505251232 156.271209716797 287.578155517578 2  0
q_ 1505251242 157.164291381836 275.277648925781 2  0
q_ 1505251248 172.032135009766 267.439697265625 1  0
q_ 1505251249 173.560653686523 265.976226806641 2  0
q_ 1505251251 161.917144775391 264.950164794922 1  0
w_ 1505251252 283.069427490234 287.418518066406 2  0
w_ 1505251252 276.297454833984 265.197235107422 1  0
w_ 1505251252 267.921752929688 277.218231201172 1  0
w_ 1505251253 262.160583496094 268.842620849609 2  0
w_ 1505251253 272.3232421875 279.755676269531 1  0
w_ 1505251254 262.569763183594 261.606842041016 2  0
w_ 1505251255 276.469024658203 264.197967529297 1  0
w_ 1505251256 284.630218505859 252.209823608398 1  0
w_ 1505251256 277.261596679688 267.016845703125 2  0
w_ 1505251256 283.321929931641 252.196090698242 1  0
w_ 1505251285 262.309020996094 270.290130615234 1  0
w_ 1505251285 264.368927001953 270.310272216797 1  0
w_ 1505251286 264.243713378906 266.007781982422 2  0
w_ 1505251286 266.124328613281 267.792572021484 2  0
w_ 1505251286 272.708526611328 248.164047241211 1  0
w_ 1505251293 272.812316894531 266.685455322266 1  0
w_ 1505251294 268.019073486328 290.177734375 1  0
w_ 1505251294 265.483215332031 301.555389404297 2  0
w_ 1505251295 260.247039794922 272.252319335938 2  0
w_ 1505251295 261.19091796875 285.017211914062 1  0
e_ 1505251299 374.649108886719 297.972686767578 2  0
e_ 1505251299 379.881652832031 278.806427001953 2  0
e_ 1505251300 389.259216308594 284.741058349609 2  0
e_ 1505251301 384.586486816406 286.933959960938 2  0
e_ 1505251301 371.353149414062 290.384124755859 2  0
e_ 1505251302 375.592468261719 284.692535400391 1  0
e_ 1505251303 371.522186279297 285.693572998047 2  0
e_ 1505251304 367.279327392578 273.154327392578 1  0
e_ 1505251304 369.350494384766 264.376098632812 2  0
e_ 1505251305 367.373474121094 255.292938232422 2  0
r_ 1505251306 488.448577880859 293.065338134766 1  0
r_ 1505251307 509.065856933594 292.840667724609 2  0
r_ 1505251307 505.259155273438 294.236206054688 2  0
r_ 1505251308 497.091278076172 280.548004150391 2  0
r_ 1505251309 491.951141357422 276.856262207031 1  0
r_ 1505251309 489.952209472656 286.719329833984 1  0
r_ 1505251309 489.486541748047 269.411193847656 2  0
r_ 1505251310 485.333587646484 279.280944824219 1  0
r_ 1505251310 490.008941650391 262.122192382812 2  0
r_ 1505251311 478.234313964844 271.874359130859 1  0
r_ 1505251312 474.187591552734 269.450378417969 1  0
r_ 1505251312 485.071746826172 273.703857421875 2  0
t_ 1505251313 597.829345703125 276.910858154297 1  0
t_ 1505251314 586.350708007812 274.143432617188 2  0
t_ 1505251314 594.122619628906 270.378692626953 1  0
t_ 1505251315 585.711853027344 276.703674316406 2  0
t_ 1505251316 591.016235351562 279.577239990234 1  0
t_ 1505251317 586.350708007812 274.143432617188 2  0
t_ 1505251317 596.678161621094 272.115875244141 1  0
t_ 1505251318 604.990478515625 280.380157470703 1  0
t_ 1505251319 596.433898925781 277.392364501953 2  0
t_ 1505251319 590.8935546875 278.5439453125 2  0
y_ 1505251320 708.673095703125 272.813873291016 1  0
y_ 1505251321 710.545715332031 285.148040771484 1  0
y_ 1505251321 708.455444335938 272.764495849609 1  0
y_ 1505251322 709.116821289062 264.079040527344 1  0
y_ 1505251323 707.725158691406 262.673187255859 1  0
y_ 1505251324 711.9755859375 261.830474853516 1  0
y_ 1505251324 699.900939941406 245.542953491211 2  0
y_ 1505251325 710.975524902344 266.400665283203 1  0
y_ 1505251326 697.73583984375 266.604827880859 2  0
y_ 1505251326 700.798828125 259.557891845703 2  0
u_ 1505251327 824.315063476562 291.530487060547 1  0
u_ 1505251328 804.282348632812 297.434173583984 1  0
u_ 1505251328 813.95947265625 297.560974121094 1  0
u_ 1505251329 828.393432617188 307.318786621094 1  0
u_ 1505251330 817.785766601562 302.379180908203 1  0
u_ 1505251331 810.437622070312 296.867858886719 1  0
u_ 1505251331 836.330505371094 298.228729248047 1  0
u_ 1505251332 828.18408203125 270.784790039062 2  0
u_ 1505251333 811.957092285156 276.265228271484 1  0
u_ 1505251333 817.101135253906 282.624725341797 1  0
i_ 1505251334 935.146057128906 288.100250244141 1  0
i_ 1505251335 943.730773925781 293.759216308594 1  0
i_ 1505251335 932.510131835938 289.059417724609 1  0
i_ 1505251336 923.430236816406 277.134796142578 1  0
i_ 1505251337 914.352172851562 280.199523925781 2  0
i_ 1505251338 902.413879394531 285.530670166016 1  0
i_ 1505251338 927.492614746094 274.150085449219 1  0
i_ 1505251338 923.637512207031 285.610321044922 2  0
i_ 1505251339 908.610961914062 281.567474365234 1  0
i_ 1505251340 902.700134277344 277.608062744141 1  0
i_ 1505251340 919.697387695312 267.128356933594 1  0
o_ 1505251341 1026.51086425781 278.2060546875 1  0
o_ 1505251342 1024.97033691406 284.011016845703 1  0
o_ 1505251342 1018.80914306641 279.274627685547 1  0
o_ 1505251343 1008.63323974609 284.266265869141 1  0
o_ 1505251344 1025.1806640625 288.426116943359 1  0
o_ 1505251344 1054.81665039062 287.968780517578 1  0
o_ 1505251345 1029.8369140625 286.790283203125 1  0
o_ 1505251346 1033.26916503906 292.505645751953 1  0
o_ 1505251346 1030.71203613281 286.934661865234 1  0
o_ 1505251347 1028.78527832031 282.824859619141 1  0
p_ 1505251348 1143.4443359375 299.344177246094 2  0
p_ 1505251348 1139.80749511719 296.457794189453 1  0
p_ 1505251349 1139.68139648438 290.852386474609 2  0
p_ 1505251350 1143.63269042969 286.895202636719 1  0
p_ 1505251350 1141.35192871094 292.437896728516 1  0
p_ 1505251351 1134.00793457031 282.060455322266 1  0
p_ 1505251352 1134.0908203125 282.837341308594 1  0
p_ 1505251352 1141.09741210938 283.688873291016 1  0
p_ 1505251353 1146.54626464844 288.919769287109 2  0
p_ 1505251354 1151.92565917969 279.158843994141 2  0
a 1505251355 214.480316162109 410.462188720703 1  0
a 1505251355 224.129364013672 410.930328369141 1  0
a 1505251356 230.188171386719 401.414916992188 2  0
a 1505251356 224.539535522461 415.833679199219 1  0
a 1505251357 226.214660644531 408.913635253906 1  0
a 1505251357 219.868225097656 413.354248046875 1  0
a 1505251358 224.826873779297 400.411010742188 2  0
a 1505251359 209.574234008789 389.938537597656 2  0
a 1505251360 214.888565063477 389.602416992188 1  0
a 1505251360 214.826675415039 382.773223876953 1  0
a 1505251361 209.44287109375 386.661376953125 1  0
s 1505251362 339.053070068359 404.996429443359 1  0
s 1505251362 329.026092529297 408.508911132812 1  0
s 1505251363 326.300415039062 409.863800048828 1  0
s 1505251364 326.328369140625 406.552185058594 2  0
s 1505251364 329.898010253906 389.191497802734 1  0
s 1505251364 339.164916992188 389.793579101562 2  0
s 1505251365 327.339965820312 398.736053466797 1  0
s 1505251366 328.458953857422 393.358367919922 1  0
s 1505251366 329.627075195312 386.242645263672 1  0
s 1505251367 325.932800292969 384.860565185547 1  0
s 1505251368 324.529602050781 373.086486816406 1  0
d 1505251368 424.953948974609 390.231750488281 1  0
d 1505251369 441.466491699219 398.952728271484 1  0
d 1505251370 435.348052978516 389.033996582031 1  0
d 1505251370 441.638031005859 394.327514648438 1  0
d 1505251371 435.098510742188 402.023132324219 1  0
d 1505251372 435.864410400391 402.128814697266 2  0
d 1505251372 427.561157226562 399.021331787109 1  0
d 1505251372 423.532379150391 398.399383544922 1  0
d 1505251373 431.950592041016 377.071411132812 1  0
d 1505251373 431.955780029297 390.440765380859 2  0
d 1505251373 427.889739990234 373.458679199219 1  0
d 1505251374 420.858673095703 375.670989990234 1  0
d 1505251374 428.625823974609 384.158782958984 1  0
f 1505251375 537.450012207031 390.308013916016 2  0
f 1505251375 545.001647949219 397.681640625 1  0
f 1505251376 550.354858398438 397.671875 1  0
f 1505251376 556.180908203125 396.615966796875 1  0
f 1505251377 543.515502929688 399.409698486328 2  0
f 1505251377 543.663757324219 388.673553466797 1  0
f 1505251378 545.112731933594 391.089447021484 1  0
f 1505251378 526.150207519531 393.199798583984 1  0
f 1505251379 540.468078613281 395.247985839844 2  0
f 1505251380 545.345764160156 394.030670166016 1  0
f 1505251380 532.425231933594 396.772613525391 2  0
f 1505251381 542.155395507812 395.220916748047 1  0
g 1505251382 649.132202148438 399.627716064453 1  0
g 1505251382 651.651184082031 390.919006347656 2  0
g 1505251383 658.611877441406 406.792449951172 1  0
g 1505251384 652.95654296875 403.081939697266 2  0
g 1505251384 658.824462890625 403.325012207031 1  0
g 1505251385 652.972290039062 395.869842529297 1  0
g 1505251386 656.523681640625 401.917877197266 1  0
g 1505251386 653.221435546875 398.914581298828 1  0
g 1505251387 644.210388183594 403.465972900391 1  0
g 1505251387 643.864318847656 400.6513671875 2  0
h 1505251388 758.866943359375 405.3642578125 1  0
h 1505251389 758.748413085938 406.615447998047 1  0
h 1505251390 765.830322265625 401.368072509766 2  0
h 1505251390 757.296081542969 386.005462646484 2  0
h 1505251392 765.064392089844 390.162200927734 1  0
h 1505251393 761.045471191406 390.544464111328 1  0
h 1505251393 752.062683105469 395.088470458984 1  0
h 1505251394 765.658996582031 391.293762207031 1  0
h 1505251395 764.815307617188 393.39990234375 2  0
j 1505251395 890.210815429688 394.859497070312 1  0
j 1505251397 875.016174316406 403.071624755859 1  0
j 1505251398 866.849243164062 391.341583251953 2  0
j 1505251398 872.952209472656 381.685394287109 1  0
j 1505251398 868.889404296875 399.407836914062 1  0
j 1505251399 868.811401367188 399.340545654297 1  0
j 1505251400 860.525695800781 386.886108398438 1  0
j 1505251400 868.2568359375 392.591766357422 2  0
j 1505251401 859.857971191406 401.345489501953 1  0
j 1505251402 861.043029785156 397.773376464844 1  0
j 1505251402 869.986145019531 403.381439208984 1  0
k 1505251403 992.135314941406 398.23974609375 1  0
k 1505251404 985.514099121094 399.536346435547 1  0
k 1505251405 980.533325195312 387.626922607422 1  0
k 1505251405 988.16650390625 399.071228027344 1  0
k 1505251406 976.916931152344 388.896331787109 1  0
k 1505251407 985.25732421875 385.272888183594 2  0
k 1505251408 989.486083984375 383.770782470703 1  0
k 1505251409 987.329895019531 383.809906005859 1  0
k 1505251410 978.434936523438 382.072113037109 1  0
k 1505251410 977.630920410156 380.968688964844 1  0
l 1505251411 1099.10461425781 386.445220947266 1  0
l 1505251412 1070.48120117188 404.719268798828 1  0
l 1505251413 1097.150390625 386.934600830078 1  0
l 1505251414 1096.30114746094 391.077728271484 1  0
l 1505251416 1096.86193847656 386.293701171875 1  0
l 1505251416 1092.61901855469 388.028472900391 1  0
l 1505251417 1095.72021484375 387.332153320312 1  0
l 1505251418 1095.93566894531 386.680328369141 1  0
shift 1505251419 191.630004882812 518.47314453125 1  0
shift 1505251419 171.556045532227 504.721984863281 2  0
shift 1505251420 199.789154052734 519.387268066406 1  0
shift 1505251420 183.717025756836 509.658020019531 1  0
shift 1505251424 176.445571899414 520.40478515625 2  0
shift 1505251425 173.568572998047 499.038116455078 1  0
z 1505251427 320.854400634766 507.969787597656 1  0
z 1505251428 323.409149169922 501.112091064453 1  0
z 1505251428 327.696533203125 490.224548339844 2  0
z 1505251428 324.643157958984 495.715667724609 1  0
z 1505251429 324.999267578125 497.370239257812 2  0
z 1505251430 319.961853027344 488.767608642578 1  0
z 1505251430 322.635406494141 489.369323730469 1  0
z 1505251431 322.444122314453 498.645263671875 1  0
z 1505251432 326.657592773438 495.971527099609 2  0
z 1505251432 317.777099609375 490.338500976562 1  0
z 1505251433 322.941772460938 499.49853515625 1  0
x 1505251434 442.464904785156 498.904327392578 1  0
x 1505251434 449.836486816406 506.764373779297 1  0
x 1505251435 446.174560546875 507.137115478516 1  0
x 1505251436 450.936401367188 495.80712890625 1  0
x 1505251436 432.42236328125 501.268768310547 1  0
x 1505251437 437.7353515625 511.029205322266 1  0
x 1505251438 428.858947753906 513.026000976562 1  0
x 1505251439 416.824523925781 506.682434082031 1  0
x 1505251439 438.258850097656 491.288146972656 2  0
x 1505251440 440.677398681641 512.163024902344 1  0
x 1505251441 433.765594482422 504.786865234375 1  0
x 1505251442 431.627532958984 507.870208740234 1  0
x 1505251443 438.316925048828 507.827117919922 1  0
x 1505251444 440.5126953125 504.776794433594 1  0
x 1505251447 442.492431640625 486.692199707031 1  0
x 1505251447 443.686096191406 501.539337158203 2  0
x 1505251449 440.962249755859 506.022186279297 1  0
x 1505251449 441.968444824219 520.638366699219 2  0
x 1505251449 439.839050292969 509.970001220703 1  0
x 1505251450 438.115753173828 503.030517578125 1  0
x 1505251452 432.550109863281 499.687438964844 1  0
x 1505251452 430.388458251953 514.381408691406 2  0
x 1505251452 411.429779052734 509.387817382812 2  0
x 1505251453 428.879425048828 507.996704101562 1  0
x 1505251454 437.029235839844 512.212646484375 1  0
x 1505251455 439.195129394531 515.595092773438 1  0
x 1505251455 444.975433349609 499.711212158203 2  0
x 1505251456 438.314636230469 502.799255371094 1  0
x 1505251457 432.728485107422 509.606048583984 1  0
x 1505251457 439.347564697266 508.996154785156 1  0
c 1505251458 547.556640625 506.095855712891 1  0
c 1505251459 549.576232910156 507.151062011719 1  0
c 1505251460 545.84326171875 503.51904296875 1  0
c 1505251461 548.994995117188 502.650451660156 1  0
c 1505251465 554.982299804688 507.059417724609 1  0
c 1505251465 551.038024902344 513.301818847656 1  0
c 1505251466 546.007690429688 523.204406738281 1  0
c 1505251467 548.677185058594 509.777893066406 1  0
c 1505251468 544.469604492188 494.858856201172 1  0
c 1505251469 546.387329101562 522.203125 1  0
c 1505251470 544.786376953125 528.884216308594 1  0
c 1505251471 546.04150390625 522.189636230469 2  0
c 1505251472 546.091613769531 515.093017578125 1  0
c 1505251473 552.606994628906 515.803894042969 1  0
c 1505251475 540.839294433594 518.745788574219 1  0
c 1505251476 553.421691894531 505.419525146484 2  0
c 1505251478 555.344909667969 502.400482177734 1  0
c 1505251479 542.605651855469 508.509979248047 2  0
v 1505251482 667.993530273438 516.451538085938 1  0
v 1505251483 663.754943847656 505.216461181641 1  0
v 1505251483 660.538208007812 517.863952636719 1  0
v 1505251484 660.786987304688 523.182250976562 1  0
v 1505251485 659.03271484375 513.621643066406 1  0
v 1505251485 657.777221679688 512.966979980469 2  0
v 1505251485 657.645874023438 513.722534179688 1  0
v 1505251486 648.606201171875 508.289489746094 1  0
v 1505251486 644.979797363281 507.973693847656 1  0
v 1505251487 658.503601074219 507.568481445312 1  0
v 1505251488 659.828918457031 513.998901367188 1  0
v 1505251488 664.987365722656 515.720520019531 2  0
v 1505251489 647.971130371094 504.521118164062 1  0
b 1505251490 762.031860351562 506.445129394531 2  0
b 1505251491 758.093566894531 526.070007324219 2  0
b 1505251492 764.191162109375 528.292114257812 2  0
b 1505251492 762.193176269531 533.402954101562 2  0
b 1505251493 765.371215820312 525.415893554688 1  0
b 1505251494 771.01123046875 517.0107421875 1  0
b 1505251494 760.62109375 502.744323730469 1  0
b 1505251495 761.41162109375 504.429962158203 1  0
b 1505251496 762.135925292969 509.607391357422 1  0
b 1505251496 768.295227050781 503.580291748047 1  0
n 1505251497 883.999145507812 506.391540527344 1  0
n 1505251497 884.511413574219 507.380523681641 1  0
n 1505251498 883.861877441406 505.748748779297 1  0
n 1505251499 882.0380859375 502.054992675781 1  0
n 1505251499 865.704406738281 507.067443847656 1  0
n 1505251500 870.56494140625 507.066772460938 1  0
n 1505251501 880.301696777344 502.513824462891 1  0
n 1505251501 864.557800292969 503.907562255859 1  0
n 1505251502 882.880859375 511.310607910156 2  0
n 1505251503 876.502380371094 509.909973144531 1  0
n 1505251503 870.526428222656 504.128723144531 2  0
m 1505251504 974.342102050781 511.405364990234 1  0
m 1505251505 977.269226074219 507.424621582031 1  0
m 1505251505 977.337341308594 513.790832519531 1  0
m 1505251506 979.308227539062 513.648193359375 1  0
m 1505251507 972.97216796875 514.637145996094 2  0
m 1505251507 972.632202148438 514.343627929688 1  0
m 1505251508 974.19580078125 513.03125 2  0
m 1505251509 982.114074707031 516.070251464844 1  0
m 1505251509 982.723205566406 504.845672607422 1  0
m 1505251509 979.796936035156 514.973937988281 2  0
m 1505251510 979.757080078125 497.984802246094 1  0
m 1505251510 980.2939453125 501.619750976562 2  0
m 1505251510 987.057373046875 511.708251953125 1  0
back 1505251511 1112.81555175781 514.972778320312 2  0
back 1505251511 1109.8271484375 517.205749511719 1  0
back 1505251512 1109.58178710938 517.527099609375 2  0
back 1505251513 1103.49035644531 509.834350585938 1  0
back 1505251513 1107.92126464844 502.249420166016 1  0
back 1505251514 1110.63037109375 496.323547363281 1  0
back 1505251514 1118.78247070312 506.473419189453 1  0
back 1505251516 1114.66064453125 503.045104980469 2  0
back 1505251516 1118.47937011719 503.503631591797 1  0
back 1505251517 1122.12463378906 505.017333984375 1  0
back 1505251518 1126.12963867188 503.568725585938 2  0
space 1505251518 687.622985839844 626.838623046875 1  0
space 1505251519 681.784606933594 627.034851074219 1  0
space 1505251520 682.233093261719 633.2880859375 1  0
space 1505251520 690.323486328125 634.487548828125 1  0
space 1505251521 691.101623535156 626.373413085938 1  0
space 1505251522 693.482604980469 614.856567382812 1  0
space 1505251522 713.249328613281 623.470275878906 1  0
space 1505251523 705.862854003906 629.845642089844 1  0
space 1505251523 712.401184082031 626.607727050781 1  0
space 1505251524 716.2578125 616.526733398438 1  0
enter 1505251525 1074.02551269531 614.8779296875 1  0
enter 1505251525 1077.16076660156 610.732604980469 1  0
enter 1505251526 1056.80517578125 608.486267089844 1  0
enter 1505251527 1039.45275878906 603.279602050781 1  0
enter 1505251527 1035.12316894531 613.455993652344 1  0
enter 1505251528 1027.22094726562 599.195007324219 1  0
enter 1505251528 1034.45617675781 595.414916992188 1  0
enter 1505251529 1037.24340820312 595.048034667969 1  0
enter 1505251529 1045.08862304688 608.965637207031 2  0
enter 1505251529 1036.49169921875 592.023742675781 1  0
enter 1505251530 1034.56079101562 595.23876953125 1  0
enter 1505251530 1023.32153320312 599.59619140625 1  0
