id 1505249677 418.087890625 398.337219238281 1  0
id 1505249680 452.553924560547 415.311950683594 3  0
id 1505249680 462.713134765625 398.287322998047 2  0
id 1505249680 465.161163330078 401.392150878906 2  2
id 1505249681 454.533020019531 414.126159667969 3  0
id 1505249685 540.916931152344 404.917541503906 1  0
id 1505249687 595.626647949219 401.012512207031 1  0
id 1505249689 662.350158691406 413.924102783203 2  0
id 1505249689 704.593200683594 414.262634277344 2  2
id 1505249690 682.963439941406 402.317687988281 2  0
id 1505249691 670.495178222656 392.479858398438 1  0
id 1505249692 640.556762695312 394.365844726562 1  2
id 1505249695 530.527587890625 394.25830078125 1  2
id 1505249695 497.950225830078 393.403259277344 1  2
id 1505249695 487.927124023438 397.614624023438 2  0
id 1505249695 471.147338867188 398.522247314453 1  0
id 1505249695 464.310668945312 399.033111572266 1  2
id 1505249696 453.332580566406 416.638641357422 3  0
id 1505249697 550.415466308594 402.822906494141 1  0
id 1505249698 655.73388671875 398.788635253906 1  0
id 1505249698 675.231323242188 400.635437011719 1  2
id 1505249698 674.778991699219 403.968811035156 1  0
id 1505249699 671.770751953125 407.839935302734 1  0
id 1505249699 652.445922851562 405.977844238281 1  2
id 1505249699 638.941284179688 410.454467773438 1  2
id 1505249699 630.016662597656 404.002105712891 2  0
id 1505249699 609.407104492188 405.536651611328 1  0
id 1505249699 577.708129882812 408.590515136719 2  0
id 1505249699 564.164367675781 402.317779541016 1  0
id 1505249699 541.074157714844 407.158599853516 1  2
id 1505249699 495.590454101562 403.967498779297 2  0
id 1505249699 489.020202636719 410.864044189453 2  2
id 1505249699 487.299438476562 400.950500488281 2  2
id 1505249700 463.157989501953 402.233978271484 2  0
id 1505249700 446.926635742188 403.446075439453 1  0
id 1505249700 447.042633056641 400.150390625 1  0
id 1505249700 470.964508056641 398.36279296875 2  0
id 1505249700 479.524230957031 397.896301269531 1  0
id 1505249701 633.231201171875 400.638885498047 1  2
id 1505249702 669.821166992188 414.411468505859 3  0
id 1505249702 692.439575195312 399.354125976562 2  0
id 1505249702 666.05126953125 398.019866943359 2  0
id 1505249702 653.930358886719 402.568756103516 2  2
id 1505249702 647.054016113281 403.080718994141 1  0
id 1505249702 622.274230957031 404.404998779297 2  0
id 1505249702 581.520324707031 403.971405029297 2  2
id 1505249702 564.578796386719 405.753967285156 2  0
id 1505249703 489.704345703125 410.813049316406 1  0
id 1505249703 480.801116943359 401.435729980469 1  2
id 1505249704 439.383239746094 393.631500244141 1  0
id 1505249704 420.171112060547 398.700134277344 1  2
