q_ 1505325339 154.82763671875 304.057983398438 1  0
q_ 1505325339 145.929611206055 294.786102294922 1  0
q_ 1505325340 148.594635009766 293.169525146484 1  0
q_ 1505325340 143.725708007812 283.775390625 1  0
q_ 1505325340 147.367645263672 294.676818847656 1  0
q_ 1505325341 145.203842163086 283.88232421875 1  0
q_ 1505325341 153.762176513672 291.260528564453 1  0
q_ 1505325342 160.489456176758 286.599426269531 1  0
q_ 1505325342 170.567367553711 275.805908203125 1  0
q_ 1505325343 148.224487304688 287.612091064453 1  0
w_ 1505325343 265.818359375 286.240936279297 2  0
w_ 1505325344 267.365570068359 286.507995605469 2  0
w_ 1505325344 269.974639892578 286.269256591797 2  0
w_ 1505325345 272.959747314453 288.474395751953 1  0
w_ 1505325345 264.201232910156 290.542297363281 1  0
w_ 1505325345 264.937805175781 288.735778808594 2  0
w_ 1505325345 273.359558105469 275.843505859375 1  0
w_ 1505325346 259.066741943359 299.809967041016 1  0
w_ 1505325346 263.713806152344 287.005218505859 1  0
w_ 1505325347 265.028167724609 274.515777587891 2  0
w_ 1505325347 266.863250732422 270.780242919922 1  0
w_ 1505325347 265.760040283203 282.591674804688 1  0
e_ 1505325348 372.738250732422 298.523162841797 2  0
e_ 1505325348 376.840484619141 295.657775878906 1  0
e_ 1505325348 372.743530273438 277.482238769531 2  0
e_ 1505325348 372.023956298828 292.222595214844 2  0
e_ 1505325349 367.995941162109 284.689910888672 1  0
e_ 1505325349 375.942932128906 290.481109619141 1  0
e_ 1505325350 377.492462158203 291.394989013672 2  0
e_ 1505325350 371.863586425781 282.498687744141 1  0
e_ 1505325350 389.364593505859 290.329010009766 2  0
e_ 1505325351 370.977844238281 284.79345703125 1  0
e_ 1505325351 373.784790039062 281.808288574219 2  0
r_ 1505325352 481.681823730469 267.468719482422 1  0
r_ 1505325352 484.282958984375 283.125640869141 1  0
r_ 1505325353 493.357421875 275.499206542969 2  0
r_ 1505325353 493.152557373047 268.893646240234 1  0
r_ 1505325353 485.376983642578 281.708404541016 1  0
r_ 1505325354 495.423553466797 282.742736816406 1  0
r_ 1505325354 481.340545654297 287.251647949219 1  0
r_ 1505325355 485.866271972656 290.161071777344 1  0
r_ 1505325355 492.204620361328 273.185485839844 1  0
r_ 1505325356 481.779663085938 281.928100585938 2  0
t_ 1505325356 605.336547851562 289.568023681641 2  0
t_ 1505325356 599.059265136719 289.850677490234 1  0
t_ 1505325357 594.510986328125 285.508972167969 1  0
t_ 1505325357 596.796691894531 270.464019775391 2  0
t_ 1505325358 616.141235351562 265.858581542969 1  0
t_ 1505325358 618.366577148438 281.980316162109 2  0
t_ 1505325358 614.622863769531 284.425537109375 1  0
t_ 1505325358 614.223510742188 289.609954833984 1  0
t_ 1505325359 621.371459960938 283.605163574219 1  0
t_ 1505325359 604.567749023438 288.205169677734 2  0
t_ 1505325360 594.986511230469 295.028564453125 1  0
t_ 1505325360 595.948425292969 282.227661132812 2  0
y_ 1505325360 705.129089355469 279.226135253906 1  0
y_ 1505325360 724.078857421875 284.483795166016 1  0
y_ 1505325361 711.910461425781 277.883148193359 1  0
y_ 1505325361 708.623779296875 281.268524169922 2  0
y_ 1505325362 701.646118164062 285.965362548828 1  0
y_ 1505325362 695.282043457031 291.942352294922 1  0
y_ 1505325363 707.012268066406 289.812469482422 1  0
y_ 1505325363 712.058349609375 285.307220458984 2  0
y_ 1505325363 704.538330078125 285.446228027344 1  0
y_ 1505325364 702.557983398438 287.783508300781 1  0
u_ 1505325364 809.473937988281 282.105865478516 1  0
u_ 1505325365 824.179077148438 274.495697021484 1  0
u_ 1505325365 826.359558105469 276.436614990234 2  0
u_ 1505325366 837.180786132812 280.124603271484 1  0
u_ 1505325366 829.531066894531 265.929412841797 1  0
u_ 1505325367 815.300964355469 275.132537841797 1  0
u_ 1505325367 815.727233886719 277.824493408203 1  0
u_ 1505325367 810.223754882812 283.359497070312 2  0
u_ 1505325368 812.083190917969 280.706115722656 1  0
u_ 1505325368 814.381958007812 285.544921875 2  0
i_ 1505325369 930.483947753906 286.186676025391 1  0
i_ 1505325369 927.840148925781 280.810821533203 1  0
i_ 1505325369 925.939086914062 289.191650390625 1  0
i_ 1505325370 923.347412109375 279.524597167969 1  0
i_ 1505325370 926.378967285156 276.740142822266 1  0
i_ 1505325371 921.854675292969 278.243896484375 2  0
i_ 1505325371 926.976135253906 286.261688232422 1  0
i_ 1505325372 920.46435546875 280.497619628906 1  0
i_ 1505325372 916.431213378906 286.2470703125 1  0
i_ 1505325372 922.092407226562 272.377410888672 2  0
i_ 1505325372 914.279479980469 278.620544433594 2  0
o_ 1505325373 1031.17065429688 285.678985595703 1  0
o_ 1505325373 1034.52453613281 287.963134765625 1  0
o_ 1505325374 1024.03234863281 283.649505615234 2  0
o_ 1505325374 1025.24792480469 286.398284912109 1  0
o_ 1505325375 1022.80212402344 288.810974121094 2  0
o_ 1505325375 1031.57751464844 282.032928466797 1  0
o_ 1505325375 1023.59271240234 291.0087890625 1  0
o_ 1505325375 1030.98229980469 286.961883544922 1  0
o_ 1505325376 1023.95751953125 279.062683105469 2  0
o_ 1505325376 1035.0283203125 280.215789794922 2  0
o_ 1505325377 1024.24841308594 283.234497070312 1  0
p_ 1505325379 1145.88696289062 282.274841308594 2  0
p_ 1505325379 1149.7333984375 276.918792724609 1  0
p_ 1505325380 1152.60620117188 283.014984130859 2  0
p_ 1505325380 1147.68383789062 283.386535644531 1  0
p_ 1505325381 1154.28442382812 283.5869140625 1  0
p_ 1505325381 1159.69799804688 284.226196289062 1  0
p_ 1505325382 1154.40087890625 277.873596191406 1  0
a 1505325383 212.809646606445 420.698303222656 1  0
a 1505325383 213.86003112793 385.242980957031 2  0
a 1505325384 221.946304321289 393.783294677734 1  0
a 1505325384 217.108337402344 393.708648681641 1  0
a 1505325384 217.748565673828 381.670349121094 2  0
a 1505325385 224.756454467773 390.695434570312 1  0
a 1505325385 219.414077758789 378.307098388672 1  0
a 1505325385 211.820465087891 379.014801025391 2  0
a 1505325385 219.837493896484 389.6669921875 1  0
a 1505325386 223.592636108398 385.333801269531 1  0
a 1505325386 210.732116699219 387.055358886719 1  0
a 1505325387 211.847381591797 385.552154541016 1  0
s 1505325387 328.536956787109 384.936614990234 2  0
s 1505325388 340.835296630859 392.595886230469 2  0
s 1505325388 329.787139892578 389.182525634766 1  0
s 1505325388 322.8125 378.420837402344 2  0
s 1505325389 324.385772705078 393.979766845703 1  0
s 1505325389 326.140258789062 389.88037109375 1  0
s 1505325390 321.470184326172 392.619506835938 2  0
s 1505325390 329.179779052734 392.272155761719 2  0
s 1505325390 324.735046386719 385.4267578125 1  0
s 1505325391 323.417633056641 391.193389892578 2  0
s 1505325391 325.375122070312 391.284027099609 2  0
d 1505325392 441.676849365234 388.228515625 1  0
d 1505325392 437.420440673828 391.562194824219 1  0
d 1505325393 434.179138183594 392.964691162109 1  0
d 1505325393 430.044921875 382.552917480469 1  0
d 1505325394 428.805419921875 382.124389648438 1  0
d 1505325394 438.176483154297 387.599548339844 1  0
d 1505325394 432.981994628906 376.342834472656 2  0
d 1505325395 439.612213134766 385.351684570312 1  0
d 1505325395 439.385986328125 382.158721923828 1  0
d 1505325396 436.329650878906 381.037628173828 1  0
d 1505325396 429.984313964844 392.74951171875 1  0
f 1505325397 548.567260742188 395.364288330078 1  0
f 1505325397 546.868469238281 398.205047607422 1  0
f 1505325398 551.598876953125 403.191223144531 1  0
f 1505325398 549.700256347656 405.423400878906 2  0
f 1505325399 552.09912109375 388.352935791016 1  0
f 1505325399 547.68701171875 395.164276123047 2  0
f 1505325400 539.372741699219 402.558715820312 1  0
f 1505325400 532.346435546875 400.675415039062 1  0
g 1505325401 661.929260253906 392.050018310547 2  0
g 1505325401 659.742309570312 395.747375488281 1  0
g 1505325401 662.110534667969 404.287261962891 1  0
g 1505325402 658.689331054688 386.806488037109 1  0
g 1505325402 660.963623046875 398.986846923828 2  0
g 1505325402 661.840698242188 389.533142089844 1  0
g 1505325403 650.762756347656 399.88623046875 1  0
g 1505325403 651.798889160156 386.182281494141 1  0
g 1505325404 649.749389648438 385.883239746094 1  0
g 1505325404 657.886169433594 383.955413818359 1  0
g 1505325405 656.667724609375 392.302642822266 1  0
h 1505325405 755.623596191406 394.893035888672 1  0
h 1505325406 754.885803222656 402.703979492188 2  0
h 1505325406 763.837890625 392.284210205078 1  0
h 1505325406 768.668029785156 388.294586181641 2  0
h 1505325407 757.390686035156 389.526580810547 1  0
h 1505325407 760.462036132812 390.11083984375 1  0
h 1505325408 760.766052246094 399.426147460938 2  0
h 1505325408 757.706848144531 396.584777832031 1  0
h 1505325409 760.2490234375 390.359375 1  0
h 1505325409 756.837890625 393.711669921875 2  0
j 1505325410 874.555969238281 391.368682861328 1  0
j 1505325410 876.3876953125 385.108764648438 1  0
j 1505325411 877.989318847656 389.729858398438 1  0
j 1505325411 863.806701660156 396.166839599609 1  0
j 1505325412 867.848693847656 391.100738525391 1  0
j 1505325412 867.955749511719 389.175109863281 1  0
j 1505325413 869.925598144531 387.699188232422 1  0
j 1505325413 874.669067382812 396.990753173828 2  0
j 1505325413 880.531982421875 378.779754638672 1  0
k 1505325414 991.638305664062 392.096771240234 2  0
k 1505325414 992.433837890625 395.535369873047 1  0
k 1505325414 982.123352050781 395.625091552734 2  0
k 1505325415 988.10205078125 390.786926269531 1  0
k 1505325415 986.797790527344 391.583953857422 2  0
k 1505325416 980.503051757812 392.422332763672 2  0
k 1505325416 985.109558105469 390.681335449219 2  0
k 1505325417 989.174377441406 392.042358398438 1  0
k 1505325417 990.740600585938 386.261779785156 1  0
k 1505325418 989.82080078125 389.609283447266 1  0
l 1505325418 1081.45300292969 382.285034179688 2  0
l 1505325419 1100.56616210938 385.585174560547 2  0
l 1505325419 1090.65551757812 392.285491943359 2  0
l 1505325419 1099.22399902344 385.051818847656 1  0
l 1505325420 1086.55261230469 388.382202148438 2  0
l 1505325420 1099.4248046875 386.920806884766 2  0
l 1505325420 1097.52307128906 388.404205322266 2  0
l 1505325421 1095.38293457031 386.753723144531 2  0
l 1505325421 1084.60498046875 389.52783203125 2  0
l 1505325422 1090.42578125 391.382415771484 1  0
l 1505325422 1089.18395996094 381.463989257812 2  0
z 1505325423 322.437713623047 505.910980224609 1  0
z 1505325423 320.533294677734 505.030242919922 2  0
z 1505325423 317.95458984375 493.119262695312 1  0
z 1505325423 324.174652099609 507.74755859375 2  0
z 1505325424 323.433837890625 518.111267089844 1  0
z 1505325424 317.803161621094 500.316711425781 2  0
z 1505325424 333.925537109375 515.912475585938 1  0
z 1505325425 324.791748046875 511.164886474609 1  0
z 1505325425 327.126953125 513.2685546875 1  0
z 1505325426 326.485931396484 502.380554199219 2  0
z 1505325426 325.76708984375 495.726135253906 1  0
z 1505325426 322.025207519531 517.721740722656 1  0
z 1505325426 318.806335449219 498.587097167969 2  0
z 1505325427 329.01806640625 517.542541503906 1  0
z 1505325427 323.034912109375 501.631195068359 1  0
z 1505325427 328.005065917969 495.929565429688 2  0
x 1505325427 435.165191650391 505.662811279297 2  0
x 1505325428 441.420928955078 487.700805664062 1  0
x 1505325428 432.728576660156 509.228973388672 2  0
x 1505325428 436.507659912109 500.871337890625 1  0
x 1505325429 432.083129882812 497.025939941406 1  0
x 1505325429 439.944061279297 500.5234375 1  0
x 1505325430 452.389373779297 500.298431396484 1  0
x 1505325430 432.963806152344 504.8291015625 1  0
x 1505325431 424.704803466797 503.915924072266 2  0
x 1505325431 422.345916748047 506.152374267578 2  0
x 1505325432 416.860137939453 513.595520019531 1  0
c 1505325432 544.925415039062 509.649078369141 2  0
c 1505325433 544.018310546875 512.093811035156 1  0
c 1505325433 540.957397460938 512.677917480469 1  0
c 1505325434 540.42919921875 510.418579101562 1  0
c 1505325434 536.286254882812 521.298889160156 1  0
c 1505325435 533.38623046875 518.9462890625 1  0
c 1505325435 532.324829101562 509.003112792969 1  0
c 1505325436 537.475952148438 504.444793701172 2  0
c 1505325436 540.241149902344 514.674926757812 1  0
c 1505325436 542.475952148438 508.202758789062 1  0
c 1505325437 547.040283203125 505.921966552734 2  0
v 1505325437 667.011657714844 508.481414794922 1  0
v 1505325437 662.582153320312 508.2373046875 1  0
v 1505325438 653.512268066406 505.108245849609 2  0
v 1505325438 649.705749511719 506.076843261719 1  0
v 1505325439 645.345092773438 506.849060058594 1  0
v 1505325439 647.668151855469 497.528015136719 2  0
v 1505325440 646.558959960938 496.619537353516 1  0
v 1505325441 648.139465332031 506.525695800781 1  0
v 1505325441 652.580444335938 487.883819580078 2  0
v 1505325441 653.010803222656 490.348663330078 1  0
v 1505325441 639.580810546875 492.695098876953 1  0
b 1505325442 767.280334472656 513.3828125 1  0
b 1505325442 764.054992675781 504.828186035156 1  0
b 1505325443 755.732482910156 513.068481445312 2  0
b 1505325443 759.080200195312 502.284820556641 1  0
b 1505325443 764.221130371094 511.576507568359 1  0
b 1505325444 760.302795410156 504.644897460938 1  0
b 1505325444 759.554748535156 502.332092285156 1  0
b 1505325445 761.87255859375 501.611602783203 1  0
b 1505325446 764.69287109375 496.107635498047 2  0
b 1505325446 763.607299804688 499.7861328125 1  0
b 1505325446 763.992248535156 489.621520996094 2  0
b 1505325446 769.311706542969 504.062194824219 1  0
n 1505325447 872.244689941406 497.198699951172 1  0
n 1505325447 867.084533691406 492.896301269531 2  0
n 1505325448 873.308288574219 493.881256103516 1  0
n 1505325448 882.213745117188 493.441680908203 1  0
n 1505325449 869.832153320312 486.815551757812 1  0
n 1505325449 872.545593261719 494.800750732422 1  0
n 1505325449 862.714477539062 504.081390380859 2  0
n 1505325450 853.441284179688 493.043121337891 2  0
n 1505325450 861.243774414062 508.278625488281 1  0
n 1505325450 859.445068359375 503.189239501953 1  0
n 1505325450 867.480834960938 501.168365478516 1  0
n 1505325451 864.872192382812 496.821685791016 1  0
m 1505325451 990.281005859375 505.0478515625 2  0
m 1505325452 978.147155761719 491.461761474609 1  0
m 1505325452 961.225158691406 499.014923095703 2  0
m 1505325452 968.972412109375 483.688110351562 1  0
m 1505325453 977.670166015625 505.060821533203 1  0
m 1505325453 981.288696289062 508.102020263672 1  0
m 1505325454 980.315612792969 505.918151855469 1  0
m 1505325454 985.18994140625 495.691131591797 2  0
m 1505325455 984.785217285156 502.196563720703 1  0
m 1505325455 975.078918457031 506.187622070312 1  0
m 1505325455 977.450988769531 494.509033203125 2  0
back 1505325456 1150.69213867188 502.450347900391 2  0
back 1505325456 1148.80883789062 504.378387451172 2  0
back 1505325456 1155.9267578125 508.540405273438 1  0
back 1505325457 1137.77819824219 502.380035400391 1  0
back 1505325457 1124.04809570312 501.635528564453 2  0
back 1505325458 1120.77099609375 497.310180664062 2  0
back 1505325458 1125.1171875 501.4609375 2  0
back 1505325459 1125.04284667969 496.604675292969 2  0
back 1505325459 1138.56225585938 498.064331054688 1  0
back 1505325459 1140.77770996094 494.482879638672 2  0
back 1505325460 1142.40051269531 494.543273925781 2  0
space 1505325461 688.036315917969 627.724731445312 1  0
space 1505325462 689.160339355469 637.646179199219 2  0
space 1505325463 683.474609375 631.233764648438 2  0
space 1505325463 663.485656738281 636.042785644531 2  0
space 1505325464 679.501220703125 620.642761230469 2  0
space 1505325464 673.818969726562 623.83837890625 2  0
space 1505325465 681.239990234375 613.435607910156 2  0
space 1505325465 647.145263671875 617.959716796875 2  0
space 1505325466 651.244934082031 600.960021972656 3  0
space 1505325466 652.886291503906 615.005859375 2  0
space 1505325466 673.541137695312 605.991577148438 1  0
enter 1505325467 1055.43408203125 624.488830566406 1  0
enter 1505325467 1068.51159667969 617.872741699219 2  0
enter 1505325467 1060.99951171875 619.79248046875 1  0
enter 1505325467 1070.31494140625 611.523193359375 2  0
enter 1505325468 1067.49096679688 599.696350097656 1  0
enter 1505325468 1058.34375 614.058959960938 1  0
enter 1505325469 1060.28063964844 598.622131347656 1  0
enter 1505325469 1069.45385742188 608.063659667969 2  0
enter 1505325470 1064.34057617188 613.543701171875 2  0
enter 1505325470 1069.51257324219 601.896362304688 2  0
enter 1505325471 1073.10791015625 591.65771484375 1  0
enter 1505325471 1068.72863769531 605.083801269531 1  0
enter 1505325471 1070.4111328125 587.161010742188 2  0
