id 1505250492 657.412475585938 390.851989746094 1  0
id 1505250493 657.659851074219 394.30517578125 1  0
id 1505250494 643.263549804688 412.910980224609 1  0
id 1505250495 634.337158203125 406.457366943359 1  0
id 1505250495 629.342163085938 406.655548095703 1  0
id 1505250501 641.674194335938 395.497314453125 2  0
id 1505250501 640.287048339844 395.427276611328 2  0
id 1505250501 635.941528320312 392.6279296875 2  0
id 1505250501 638.005981445312 402.192230224609 1  0
id 1505250501 645.127136230469 405.133636474609 2  0
id 1505250502 648.548767089844 394.984649658203 2  0
id 1505250502 669.608825683594 389.768218994141 1  0
id 1505250502 649.380554199219 387.286376953125 2  0
id 1505250502 648.701477050781 377.793640136719 1  0
id 1505250503 651.492492675781 387.822723388672 1  0
id 1505250503 646.020874023438 398.297302246094 1  0
id 1505250504 653.638122558594 408.146270751953 1  0
id 1505250504 652.233703613281 398.181457519531 1  0
id 1505250505 659.128173828125 407.564392089844 1  0
id 1505250505 654.947265625 397.45849609375 2  0
id 1505250505 653.621398925781 398.251708984375 1  0
id 1505250505 662.320007324219 403.854064941406 1  0
id 1505250506 673.532470703125 396.246917724609 1  0
id 1505250506 654.976501464844 407.525848388672 2  0
id 1505250506 663.460571289062 400.470031738281 1  0
id 1505250507 660.914245605469 393.888916015625 1  0
id 1505250507 653.789916992188 390.948822021484 1  0
id 1505250508 647.82421875 394.518005371094 1  0
id 1505250508 635.072509765625 402.237213134766 1  0
id 1505250508 651.94140625 403.758422851562 1  0
id 1505250509 645.345764160156 398.521240234375 2  0
id 1505250509 666.007446289062 407.052764892578 1  0
id 1505250509 662.797485351562 400.86669921875 1  0
id 1505250509 637.198120117188 410.236846923828 2  0
id 1505250510 661.656860351562 404.250701904297 1  0
