id 1505246389 649.641784667969 395.770965576172 1  0
id 1505246389 646.417053222656 407.063018798828 1  0
id 1505246390 645.494995117188 403.833221435547 2  0
id 1505246391 639.394226074219 403.0234375 2  0
id 1505246391 638.329467773438 406.724426269531 2  0
id 1505246392 648.211181640625 402.951110839844 1  0
id 1505246392 650.690246582031 404.853118896484 1  0
id 1505246392 640.573303222656 410.132110595703 2  0
id 1505246393 636.727661132812 408.486389160156 1  0
id 1505246394 647.187805175781 407.102111816406 1  0
id 1505246394 643.920959472656 408.406005859375 1  0
id 1505246395 643.499389648438 408.148071289062 1  0
id 1505246395 645.359497070312 399.593170166016 1  0
id 1505246396 641.187927246094 407.162689208984 1  0
id 1505246397 637.341857910156 410.176574707031 1  0
id 1505246397 646.1767578125 408.6611328125 1  0
id 1505246398 646.794799804688 399.454681396484 1  0
id 1505246398 652.69287109375 402.183410644531 1  0
id 1505246399 648.849792480469 400.806030273438 2  0
id 1505246400 644.197814941406 405.946807861328 2  0
id 1505246400 640.024841308594 409.729156494141 1  0
id 1505246401 648.156555175781 399.166320800781 2  0
id 1505246401 648.216552734375 407.441070556641 1  0
id 1505246401 650.326416015625 408.026123046875 1  0
id 1505246401 646.611145019531 403.918487548828 2  0
id 1505246401 645.495910644531 406.263549804688 2  0
id 1505246402 645.911560058594 401.603454589844 2  0
id 1505246402 655.736206054688 403.649536132812 1  0
id 1505246403 649.916259765625 406.197631835938 1  0
id 1505246403 646.969970703125 408.162261962891 2  0
id 1505246404 637.864501953125 408.277862548828 1  0
id 1505246404 640.027648925781 408.511535644531 1  0
id 1505246405 652.943420410156 401.658386230469 2  0
id 1505246405 646.521362304688 402.662658691406 1  0
id 1505246406 649.235168457031 408.878845214844 1  0
id 1505246407 638.10595703125 408.433441162109 2  0
id 1505246407 646.300354003906 408.360626220703 1  0
id 1505246408 643.915832519531 402.000091552734 1  0
id 1505246408 649.486267089844 405.67724609375 1  0
id 1505246409 655.954833984375 398.656463623047 1  0
id 1505246409 653.625732421875 407.973602294922 1  0
id 1505246410 647.90966796875 403.769165039062 1  0
id 1505246410 652.257690429688 399.394836425781 1  0
id 1505246411 649.981750488281 402.720642089844 1  0
id 1505246412 649.513916015625 404.964935302734 2  0
id 1505246412 648.851501464844 404.8564453125 2  0
id 1505246413 640.462707519531 407.563842773438 1  0
id 1505246413 640.768615722656 404.590118408203 1  0
id 1505246414 644.037719726562 402.784454345703 1  0
id 1505246415 644.670349121094 407.534912109375 1  0
id 1505246415 646.498168945312 409.438537597656 2  0
id 1505246416 647.015747070312 407.380126953125 2  0
id 1505246416 643.070678710938 410.494659423828 1  0
id 1505246417 644.019775390625 398.4306640625 1  0
id 1505246417 643.713928222656 410.812316894531 1  0
