id 1505239184 644.922668457031 395.442077636719 1  0
id 1505239186 649.185119628906 405.571716308594 1  0
id 1505239186 650.578247070312 401.7275390625 1  0
id 1505239187 646.794128417969 396.790954589844 1  0
id 1505239188 650.4404296875 404.09716796875 1  0
id 1505239189 653.312927246094 400.722991943359 1  0
id 1505239189 647.2724609375 395.204223632812 1  0
id 1505239191 641.838806152344 414.957946777344 1  0
id 1505239192 650.673034667969 408.113403320312 1  0
id 1505239193 642.276184082031 397.677917480469 1  0
id 1505239194 647.502380371094 396.735961914062 1  0
id 1505239195 640.135498046875 402.537200927734 1  0
id 1505239196 650.139404296875 412.894134521484 1  0
id 1505239197 649.967895507812 399.101593017578 1  0
id 1505239198 651.708679199219 405.824554443359 1  0
id 1505239199 649.458068847656 403.874908447266 1  0
id 1505239201 655.110229492188 405.677276611328 1  0
id 1505239201 651.369506835938 408.142517089844 2  0
id 1505239202 638.04296875 409.672485351562 1  0
id 1505239203 655.677734375 399.837677001953 1  0
id 1505239204 640.340576171875 404.264526367188 1  0
id 1505239205 651.261840820312 409.230224609375 1  0
id 1505239208 1490.00817871094 362.3330078125 0  0
