id 1505249009 634.91064453125 392.704833984375 1  0
id 1505249011 640.717834472656 399.039672851562 2  0
id 1505249012 651.113708496094 392.189849853516 1  0
id 1505249016 645.229431152344 382.390930175781 1  0
id 1505249017 640.188415527344 394.046325683594 1  0
id 1505249019 654.787719726562 397.643920898438 1  0
id 1505249020 652.661804199219 394.504364013672 1  0
id 1505249021 642.595825195312 398.726196289062 2  0
id 1505249022 642.451110839844 406.374298095703 1  0
id 1505249023 637.60009765625 398.924896240234 1  0
id 1505249024 639.971008300781 405.517364501953 2  0
id 1505249025 644.154968261719 398.783508300781 1  0
id 1505249026 646.033203125 398.470031738281 1  0
id 1505249027 652.908935546875 397.957611083984 1  0
id 1505249028 640.079711914062 399.781494140625 1  0
id 1505249029 652.58984375 398.328582763672 1  0
id 1505249030 642.204467773438 402.920959472656 1  0
id 1505249031 648.091979980469 388.597290039062 1  0
id 1505249032 640.471252441406 395.587036132812 2  0
id 1505249033 631.720825195312 396.413177490234 1  0
id 1505249034 645.641906738281 402.665008544922 1  0
id 1505249035 653.084106445312 405.235961914062 1  0
id 1505249036 650.217224121094 391.736083984375 1  0
id 1505249039 645.786376953125 395.017120361328 1  0
id 1505249042 655.709167480469 398.443237304688 1  0
id 1505249042 658.900512695312 394.7333984375 1  0
id 1505249045 669.642944335938 404.698333740234 1  0
id 1505249046 653.851684570312 391.812042236328 1  0
id 1505249047 650.492004394531 402.824737548828 1  0
id 1505249048 654.098876953125 395.265106201172 1  0
id 1505249049 653.374206542969 394.798431396484 1  0
id 1505249050 655.009094238281 398.321868896484 1  0
id 1505249050 642.288391113281 396.839904785156 2  0
id 1505249052 652.048400878906 395.591522216797 1  0
id 1505249054 652.295532226562 399.044799804688 1  0
id 1505249055 647.885925292969 395.381225585938 1  0
id 1505249055 653.621398925781 398.251708984375 1  0
id 1505249056 653.621398925781 398.251708984375 1  0
