id 1505324961 652.264709472656 398.442565917969 1  0
id 1505324961 648.45849609375 408.244293212891 2  0
id 1505324961 653.49658203125 408.055603027344 1  0
id 1505324962 658.581970214844 413.884735107422 1  0
id 1505324963 645.545837402344 406.117889404297 1  0
id 1505324963 657.868286132812 398.471374511719 1  0
id 1505324963 645.859191894531 405.662719726562 1  0
id 1505324964 650.399475097656 401.371398925781 3  0
id 1505324964 657.093688964844 408.464691162109 2  0
id 1505324964 652.344299316406 408.897308349609 1  0
id 1505324965 658.533386230469 406.465148925781 3  0
id 1505324965 648.876098632812 408.924194335938 2  0
id 1505324966 651.2412109375 409.140808105469 2  0
id 1505324967 649.49658203125 406.756408691406 1  0
id 1505324967 661.871948242188 406.920684814453 1  0
id 1505324968 657.762329101562 414.287475585938 2  0
id 1505324968 655.733215332031 407.016510009766 1  0
id 1505324969 654.879150390625 406.738464355469 1  0
id 1505324969 655.604736328125 407.765808105469 2  0
id 1505324970 654.382751464844 414.557891845703 2  0
id 1505324970 658.111389160156 402.421569824219 1  0
id 1505324971 654.183959960938 405.621185302734 1  0
id 1505324972 650.7734375 411.364288330078 2  0
id 1505324972 644.594604492188 411.199951171875 2  0
id 1505324973 645.408142089844 408.950958251953 2  0
id 1505324973 646.087036132812 402.771759033203 1  0
id 1505324973 649.6376953125 414.530456542969 2  0
id 1505324974 651.95654296875 404.828857421875 2  0
id 1505324974 653.049133300781 404.713623046875 1  0
id 1505324975 646.217163085938 409.784637451172 1  0
id 1505324975 650.875244140625 412.494689941406 2  0
id 1505324976 649.758605957031 410.95068359375 1  0
id 1505324976 652.232971191406 404.506408691406 2  0
id 1505324976 652.355834960938 404.363128662109 1  0
id 1505324977 657.163391113281 420.861907958984 2  0
id 1505324977 662.492919921875 415.812316894531 2  0
id 1505324977 657.66796875 425.537414550781 1  0
id 1505324978 655.41455078125 422.244903564453 2  0
id 1505324979 657.200317382812 410.304870605469 2  0
id 1505324979 655.270385742188 416.034790039062 1  0
id 1505324980 652.181030273438 407.863342285156 2  0
id 1505324980 651.033508300781 409.941986083984 2  0
id 1505324981 655.898681640625 402.742065429688 2  0
id 1505324981 645.712280273438 417.763610839844 1  0
id 1505324982 649.656311035156 412.649230957031 2  0
id 1505324983 658.988342285156 405.610595703125 2  0
id 1505324983 659.533325195312 416.570068359375 1  0
id 1505324983 654.780090332031 406.461822509766 3  0
id 1505324983 648.182006835938 410.487243652344 1  0
id 1505324984 649.517822265625 409.557006835938 1  0
id 1505324984 656.591613769531 414.702819824219 2  0
id 1505324985 658.490173339844 401.288970947266 2  0
id 1505324985 658.829833984375 398.067413330078 1  0
id 1505324986 654.172729492188 408.227264404297 2  0
id 1505324986 662.228576660156 404.903259277344 1  0
id 1505324986 656.537231445312 418.104064941406 2  0
id 1505324987 653.46337890625 403.699157714844 2  0
id 1505324987 651.754699707031 409.638916015625 1  0
id 1505324988 645.391845703125 412.684326171875 1  0
id 1505324988 648.202087402344 405.171966552734 2  0
id 1505324989 642.909118652344 405.650909423828 2  0
id 1505324990 649.9658203125 404.890625 2  0
