id 1505239268 647.645324707031 396.027526855469 1  0
id 1505239269 653.520874023438 402.371185302734 1  0
id 1505239270 646.986389160156 398.693603515625 1  0
id 1505239270 645.691772460938 402.106384277344 1  0
id 1505239271 648.598693847656 394.907592773438 1  0
id 1505239272 647.89306640625 401.412719726562 1  0
id 1505239273 649.047668457031 409.517974853516 1  0
id 1505239274 641.972045898438 398.908355712891 1  0
id 1505239274 640.406677246094 398.855529785156 2  0
id 1505239275 645.962829589844 405.572235107422 1  0
id 1505239276 646.056335449219 397.894104003906 1  0
id 1505239277 630.566955566406 399.444671630859 2  0
id 1505239278 646.916259765625 404.452331542969 1  0
id 1505239279 651.931579589844 404.237976074219 1  0
id 1505239280 630.566955566406 399.444671630859 2  0
id 1505239281 635.759521484375 412.638549804688 2  0
id 1505239281 651.931579589844 404.237976074219 1  0
id 1505239282 651.071228027344 397.679382324219 1  0
id 1505239283 651.342468261719 401.145263671875 1  0
id 1505239284 656.947814941406 404.023590087891 1  0
id 1505239284 656.583435058594 408.237030029297 1  0
id 1505239285 635.948364257812 406.173858642578 2  0
id 1505239286 654.792297363281 400.877746582031 1  0
id 1505239287 654.792297363281 400.877746582031 1  0
id 1505239287 656.6298828125 404.397003173828 1  0
id 1505239288 658.196044921875 404.450103759766 1  0
id 1505239294 649.863891601562 397.773040771484 1  0
id 1505239295 643.884826660156 392.310333251953 1  0
id 1505239295 650.47412109375 405.571441650391 1  0
id 1505239296 652.8017578125 408.704132080078 1  0
id 1505239297 651.950805664062 415.571044921875 1  0
id 1505239298 649.080749511719 405.504974365234 1  0
id 1505239299 649.351928710938 408.971221923828 1  0
id 1505239299 652.8017578125 408.704132080078 1  0
id 1505239300 639.396606445312 405.906677246094 1  0
id 1505239301 644.23828125 405.705841064453 2  0
id 1505239302 639.396606445312 405.906677246094 1  0
id 1505239303 646.83642578125 412.304626464844 1  0
id 1505239304 656.265502929688 408.610412597656 1  0
id 1505239305 637.220031738281 413.571655273438 1  0
id 1505239306 642.84521484375 405.639495849609 1  0
id 1505239308 638.613037109375 413.638214111328 1  0
id 1505239309 636.489807128906 413.105133056641 2  0
id 1505239309 654.110107421875 405.464111328125 1  0
id 1505239310 635.556457519531 410.039276123047 1  0
id 1505239311 639.275634765625 413.238220214844 1  0
id 1505239311 653.5673828125 398.53173828125 1  0
id 1505239312 661.010986328125 404.929504394531 1  0
id 1505239314 658.901428222656 397.943603515625 1  0
