id 1505251727 660.568786621094 397.974304199219 1  0
id 1505251728 653.254943847656 402.792602539062 1  0
id 1505251728 649.306213378906 395.911682128906 1  0
id 1505251728 648.603515625 398.972717285156 1  0
id 1505251729 650.159484863281 400.592651367188 1  0
id 1505251729 649.218688964844 401.935760498047 1  0
id 1505251729 641.812927246094 407.116180419922 1  0
id 1505251730 644.968444824219 402.91357421875 1  0
id 1505251730 640.235168457031 409.217529296875 1  0
id 1505251731 649.980102539062 405.753784179688 1  0
id 1505251731 648.273620605469 392.748901367188 1  0
id 1505251731 646.363891601562 403.839752197266 1  0
id 1505251732 647.236206054688 403.871978759766 1  0
id 1505251732 652.705322265625 399.1787109375 1  0
id 1505251732 639.784423828125 410.970520019531 1  0
id 1505251733 640.525817871094 413.287994384766 1  0
id 1505251733 639.901550292969 408.002380371094 1  0
id 1505251733 638.357421875 400.661926269531 1  0
id 1505251733 644.480407714844 399.106414794922 1  0
id 1505251734 645.78125 409.196624755859 1  0
id 1505251734 651.706176757812 407.372253417969 1  0
id 1505251734 650.261779785156 400.411499023438 1  0
id 1505251735 650.214233398438 401.090148925781 1  0
id 1505251735 642.916259765625 402.405090332031 1  0
id 1505251735 636.409606933594 399.187225341797 1  0
id 1505251736 655.903869628906 394.725463867188 1  0
id 1505251736 657.188354492188 409.445098876953 1  0
id 1505251736 659.055725097656 403.104858398438 1  0
id 1505251737 656.610656738281 408.619812011719 1  0
id 1505251737 656.179321289062 405.61328125 1  0
id 1505251737 655.579406738281 403.270599365234 1  0
id 1505251737 660.249694824219 399.088806152344 1  0
id 1505251738 662.292419433594 409.499786376953 1  0
id 1505251738 662.134338378906 401.263366699219 1  0
id 1505251738 669.514404296875 407.727111816406 1  0
id 1505251739 669.323669433594 405.069427490234 1  0
id 1505251739 669.726623535156 394.620666503906 1  0
id 1505251739 656.716003417969 398.021087646484 1  0
id 1505251740 655.485168457031 409.571716308594 1  0
id 1505251740 656.127380371094 411.260437011719 1  0
id 1505251740 654.017883300781 398.271759033203 1  0
id 1505251741 653.47705078125 405.090881347656 1  0
id 1505251741 658.02490234375 412.038818359375 1  0
id 1505251741 659.917602539062 401.033782958984 1  0
id 1505251742 653.905029296875 401.008117675781 1  0
id 1505251742 657.071716308594 416.400177001953 1  0
id 1505251742 655.274475097656 402.029449462891 1  0
id 1505251743 656.232971191406 424.199401855469 1  0
id 1505251743 651.926513671875 407.942199707031 1  0
id 1505251743 642.184509277344 417.158111572266 1  0
id 1505251744 656.325012207031 402.216766357422 1  0
id 1505251744 650.294372558594 402.697357177734 1  0
id 1505251744 661.257690429688 418.901489257812 1  0
id 1505251745 656.134399414062 408.004089355469 1  0
