id 1505250492 650.993286132812 397.753173828125 1  0
id 1505250493 651.802001953125 398.093505859375 1  0
id 1505250494 646.9296875 416.131622314453 1  0
id 1505250495 633.6455078125 411.511016845703 1  0
id 1505250495 631.196350097656 411.666809082031 1  0
id 1505250501 651.081848144531 403.822418212891 2  0
id 1505250501 643.718322753906 400.298126220703 2  0
id 1505250501 642.724975585938 397.896118164062 2  0
id 1505250501 639.973449707031 413.618438720703 1  0
id 1505250501 653.333618164062 413.551879882812 2  0
id 1505250502 655.695007324219 405.06201171875 2  0
id 1505250502 665.021301269531 401.337799072266 1  0
id 1505250502 655.274780273438 390.891387939453 2  0
id 1505250502 648.788452148438 383.840728759766 1  0
id 1505250503 648.98486328125 392.161834716797 1  0
id 1505250503 640.585327148438 407.20751953125 1  0
id 1505250504 654.265319824219 413.936828613281 1  0
id 1505250504 658.546630859375 402.894683837891 1  0
id 1505250505 659.992614746094 416.183349609375 1  0
id 1505250505 656.886291503906 402.255096435547 2  0
id 1505250505 657.147277832031 407.060577392578 1  0
id 1505250505 657.458068847656 408.383209228516 1  0
id 1505250506 664.324096679688 399.653381347656 1  0
id 1505250506 664.306457519531 413.474853515625 2  0
id 1505250506 658.932434082031 411.12744140625 1  0
id 1505250507 654.088073730469 398.332641601562 1  0
id 1505250507 652.7255859375 397.150695800781 1  0
id 1505250508 641.9423828125 402.477600097656 1  0
id 1505250508 643.755310058594 407.918609619141 1  0
id 1505250508 644.049865722656 414.241546630859 1  0
id 1505250509 652.145629882812 402.585815429688 2  0
id 1505250509 657.276977539062 420.944122314453 1  0
id 1505250509 659.743469238281 409.718200683594 1  0
id 1505250509 658.165954589844 420.950622558594 2  0
id 1505250510 660.053100585938 414.442047119141 1  0
