id 1505248045 651.706665039062 400.477416992188 1  0
id 1505248045 646.315246582031 397.581146240234 1  0
id 1505248046 649.7529296875 397.324890136719 3  0
id 1505248046 651.706665039062 400.477416992188 1  0
id 1505248047 655.145080566406 400.221282958984 2  0
id 1505248047 646.315246582031 397.581146240234 1  0
id 1505248048 641.393676757812 401.24560546875 2  0
id 1505248048 642.8779296875 397.837371826172 3  0
id 1505248049 650.222290039062 403.886383056641 3  0
id 1505248049 645.299865722656 407.551208496094 3  0
id 1505248050 648.268615722656 400.733520507812 1  0
id 1505248051 655.145080566406 400.221282958984 3  0
id 1505248051 649.7529296875 397.324890136719 1  0
id 1505248052 648.268615722656 400.733520507812 1  0
id 1505248052 648.268615722656 400.733520507812 3  0
id 1505248053 650.222290039062 403.886383056641 2  0
id 1505248053 646.784301757812 404.142303466797 3  0
id 1505248054 650.222290039062 403.886383056641 1  0
id 1505248054 650.222290039062 403.886383056641 1  0
id 1505248055 650.222290039062 403.886383056641 1  0
id 1505248055 648.268615722656 400.733520507812 3  0
id 1505248056 646.315246582031 397.581146240234 3  0
id 1505248056 745.731628417969 403.383941650391 2  0
id 1505248057 746.633056640625 396.709777832031 2  0
id 1505248058 662.493347167969 406.272247314453 1  0
id 1505248058 652.176208496094 407.039703369141 2  0
id 1505248059 644.830993652344 400.989562988281 3  0
id 1505248059 646.315246582031 397.581146240234 1  0
id 1505248060 655.614868164062 406.783905029297 1  0
id 1505248060 648.268615722656 400.733520507812 3  0
id 1505248061 653.66064453125 403.630462646484 1  0
id 1505248062 675.158569335938 402.030181884766 1  0
id 1505248062 645.299865722656 407.551208496094 2  0
id 1505248063 671.717956542969 402.286315917969 1  0
id 1505248063 646.784301757812 404.142303466797 2  0
id 1505248064 639.909362792969 404.654083251953 1  0
id 1505248064 641.393676757812 401.24560546875 1  0
id 1505248065 652.176208496094 407.039703369141 1  0
id 1505248066 668.277709960938 402.542388916016 1  0
id 1505248066 643.346618652344 404.398193359375 2  0
