id 1505324961 649.527587890625 389.584320068359 1  0
id 1505324961 651.727172851562 395.868103027344 2  0
id 1505324961 655.460205078125 399.423675537109 1  0
id 1505324962 657.686584472656 406.056701660156 1  0
id 1505324963 643.025451660156 400.180084228516 1  0
id 1505324963 654.946716308594 392.489624023438 1  0
id 1505324963 643.025451660156 400.180084228516 1  0
id 1505324964 658.654235839844 395.698089599609 3  0
id 1505324964 641.140686035156 400.495422363281 2  0
id 1505324964 643.281555175781 403.647308349609 1  0
id 1505324965 662.362365722656 398.907073974609 3  0
id 1505324965 641.716125488281 403.590057373047 2  0
id 1505324966 641.716125488281 403.590057373047 2  0
id 1505324967 645.16650390625 403.331878662109 1  0
id 1505324967 649.926208496094 399.66357421875 1  0
id 1505324968 652.496948242188 406.270416259766 2  0
id 1505324968 653.6962890625 399.03271484375 1  0
id 1505324969 655.434509277344 399.076904296875 1  0
id 1505324969 657.198486328125 399.467956542969 2  0
id 1505324970 649.046020507812 406.528533935547 2  0
id 1505324970 662.252014160156 395.080047607422 1  0
id 1505324971 662.138427734375 398.226531982422 1  0
id 1505324972 645.338989257812 403.318969726562 2  0
id 1505324972 639.945983886719 400.759216308594 2  0
id 1505324973 641.914245605469 403.923889160156 2  0
id 1505324973 652.897766113281 399.964111328125 1  0
id 1505324973 641.914245605469 403.923889160156 2  0
id 1505324974 638.208190917969 400.714904785156 2  0
id 1505324974 655.977783203125 399.384918212891 1  0
id 1505324975 641.914245605469 403.923889160156 1  0
id 1505324975 642.170288085938 407.391479492188 2  0
id 1505324976 657.774841308594 402.562957763672 1  0
id 1505324976 634.783935546875 401.31982421875 2  0
id 1505324976 646.846374511719 400.242736816406 1  0
id 1505324977 652.261596679688 410.124114990234 2  0
id 1505324977 654.492065429688 409.783050537109 2  0
id 1505324977 659.96484375 413.384979248047 1  0
id 1505324978 648.102600097656 417.236236572266 2  0
id 1505324979 645.364624023438 403.665740966797 2  0
id 1505324979 659.942810058594 406.062286376953 1  0
id 1505324980 641.658203125 400.456665039062 2  0
id 1505324980 641.632568359375 400.109954833984 2  0
id 1505324981 637.977966308594 397.594787597656 2  0
id 1505324981 659.828979492188 409.209594726562 1  0
id 1505324982 641.939819335938 404.270660400391 2  0
id 1505324983 655.977783203125 399.384918212891 2  0
id 1505324983 666.846130371094 405.545989990234 1  0
id 1505324983 661.33984375 399.157989501953 3  0
id 1505324983 656.862243652344 406.641448974609 1  0
id 1505324984 654.694519042969 403.142120361328 1  0
id 1505324984 650.809936523438 406.919738769531 2  0
id 1505324985 650.040466308594 396.517395019531 2  0
id 1505324985 665.816772460938 391.675445556641 1  0
id 1505324986 646.846374511719 400.242736816406 2  0
id 1505324986 677.204528808594 397.796203613281 1  0
id 1505324986 654.286682128906 407.008361816406 2  0
id 1505324987 639.971557617188 401.105834960938 2  0
id 1505324987 659.685791015625 402.594268798828 1  0
id 1505324988 643.652221679688 403.96826171875 1  0
id 1505324988 641.402221679688 396.989807128906 2  0
id 1505324989 641.658203125 400.456665039062 2  0
id 1505324990 641.632568359375 400.109954833984 2  0
