id 1505239059 641.21728515625 391.471832275391 2  0
id 1505239061 643.987060546875 398.0546875 1  0
id 1505239062 649.393188476562 393.974273681641 2  0
id 1505239062 645.944152832031 394.242126464844 1  0
id 1505239064 648.850891113281 387.043823242188 2  0
id 1505239064 648.172424316406 393.894805908203 2  0
id 1505239065 649.180114746094 393.467864990234 2  0
id 1505239066 651.892944335938 397.092590332031 2  0
id 1505239067 653.850280761719 393.279449462891 2  0
id 1505239068 654.121643066406 396.745239257812 2  0
id 1505239069 650.400817871094 393.54736328125 1  0
id 1505239070 641.904296875 398.042022705078 1  0
id 1505239071 656.292358398438 393.438507080078 2  0
id 1505239072 636.089416503906 394.658813476562 1  0
id 1505239073 636.360107421875 398.123657226562 1  0
id 1505239074 652.842590332031 393.706420898438 2  0
id 1505239075 655.284545898438 393.865478515625 2  0
id 1505239075 655.284545898438 393.865478515625 2  0
id 1505239076 657.242004394531 390.052215576172 2  0
id 1505239077 648.114501953125 390.935882568359 2  0
id 1505239077 657.513427734375 393.518005371094 2  0
id 1505239078 636.833190917969 395.298248291016 1  0
id 1505239079 651.776733398438 391.174255371094 2  0
id 1505239080 650.88525390625 397.519409179688 2  0
id 1505239081 649.87744140625 397.9462890625 2  0
id 1505239082 649.393188476562 393.974273681641 2  0
id 1505239083 653.792236328125 390.3203125 2  0
id 1505239084 648.792846679688 384.085235595703 2  0
id 1505239085 644.665649414062 391.203887939453 1  0
id 1505239086 653.113891601562 397.172149658203 2  0
id 1505239087 637.408081054688 398.216674804688 1  0
id 1505239088 646.428283691406 398.213928222656 1  0
id 1505239088 646.680603027344 390.350036621094 2  0
id 1505239089 644.665649414062 391.203887939453 1  0
id 1505239090 652.106140136719 397.599060058594 2  0
id 1505239091 645.944152832031 394.242126464844 1  0
id 1505239092 650.671997070312 397.012939453125 2  0
id 1505239093 648.443542480469 397.360290527344 2  0
id 1505239094 643.716064453125 394.589416503906 1  0
id 1505239095 635.887756347656 409.839324951172 3  0
id 1505239095 642.495544433594 394.509918212891 1  0
id 1505239096 642.9794921875 398.481536865234 1  0
id 1505239097 648.172424316406 393.894805908203 2  0
id 1505239098 653.055725097656 394.212860107422 2  0
id 1505239099 645.944152832031 394.242126464844 1  0
id 1505239100 644.781494140625 397.121429443359 1  0
id 1505239101 643.773864746094 397.548278808594 1  0
id 1505239101 651.951049804688 400.051879882812 1  0
id 1505239102 641.488098144531 394.936798095703 1  0
id 1505239103 647.630187988281 386.964508056641 2  0
id 1505239104 650.129577636719 390.082000732422 2  0
