id 1505239184 647.717590332031 383.646026611328 1  0
id 1505239186 638.695251464844 390.273559570312 1  0
id 1505239186 647.819946289062 389.389953613281 1  0
id 1505239187 648.564025878906 390.029388427734 1  0
id 1505239188 648.868286132812 389.482818603516 1  0
id 1505239189 657.864074707031 389.132202148438 1  0
id 1505239189 636.402893066406 383.132507324219 1  0
id 1505239191 647.247619628906 404.252227783203 1  0
id 1505239192 647.482666015625 393.948364257812 1  0
id 1505239193 646.163330078125 390.390228271484 1  0
id 1505239194 649.612243652344 390.122192382812 1  0
id 1505239195 628.755310058594 394.008514404297 1  0
id 1505239196 644.304809570312 397.681457519531 1  0
id 1505239197 643.491943359375 387.286315917969 1  0
id 1505239198 633.114929199219 392.101440429688 1  0
id 1505239199 641.362548828125 391.111938476562 1  0
id 1505239201 650.154602050781 397.053100585938 1  0
id 1505239201 659.064331054688 400.023406982422 2  0
id 1505239202 638.726806640625 401.774841308594 1  0
id 1505239203 647.482666015625 393.948364257812 1  0
id 1505239204 642.208557128906 397.495513916016 1  0
id 1505239205 647.753784179688 397.413818359375 1  0
id 1505239208 1581.19799804688 386.918853759766 0  0
