id 1505239059 650.386596679688 395.582336425781 2  0
id 1505239061 642.196044921875 406.212768554688 1  0
id 1505239062 646.314697265625 400.563842773438 2  0
id 1505239062 647.145263671875 398.506988525391 1  0
id 1505239064 647.702514648438 394.541381835938 2  0
id 1505239064 644.494506835938 400.107238769531 2  0
id 1505239065 654.221557617188 400.237945556641 2  0
id 1505239066 646.132263183594 407.738494873047 2  0
id 1505239067 651.040222167969 401.599975585938 2  0
id 1505239068 648.11865234375 405.405212402344 2  0
id 1505239069 646.380554199219 398.968627929688 1  0
id 1505239070 649.940002441406 403.520538330078 1  0
id 1505239071 654.136474609375 401.759338378906 2  0
id 1505239072 643.431518554688 399.085693359375 1  0
id 1505239073 645.088195800781 403.896575927734 1  0
id 1505239074 645.892456054688 400.757690429688 2  0
id 1505239075 650.386840820312 398.753570556641 2  0
id 1505239075 647.5439453125 398.934875488281 2  0
id 1505239076 649.376892089844 397.462158203125 2  0
id 1505239077 645.285217285156 396.908050537109 2  0
id 1505239077 650.320983886719 402.134948730469 2  0
id 1505239078 644.846496582031 402.389862060547 1  0
id 1505239079 653.357543945312 395.534301757812 2  0
id 1505239080 652.161376953125 405.590148925781 2  0
id 1505239081 649.919250488281 404.393920898438 2  0
id 1505239082 643.656188964844 401.218292236328 2  0
id 1505239083 648.181030273438 401.511047363281 2  0
id 1505239084 648.923400878906 390.742279052734 2  0
id 1505239085 651.175964355469 396.799530029297 1  0
id 1505239086 650.557983398438 406.088012695312 2  0
id 1505239087 646.3310546875 405.350036621094 1  0
id 1505239088 649.438049316406 403.171966552734 1  0
id 1505239088 647.726684570312 397.067230224609 2  0
id 1505239089 647.599243164062 397.973693847656 1  0
id 1505239090 652.280395507812 406.477691650391 2  0
id 1505239091 646.353454589844 401.058898925781 1  0
id 1505239092 651.344665527344 404.657104492188 2  0
id 1505239093 649.298278808594 402.544647216797 2  0
id 1505239094 651.928833007812 402.619110107422 1  0
id 1505239095 645.767456054688 402.017547607422 3  0
id 1505239095 647.179870605469 403.3857421875 1  0
id 1505239096 647.271545410156 406.946105957031 1  0
id 1505239097 647.98876953125 400.417388916016 2  0
id 1505239098 645.283630371094 401.324462890625 2  0
id 1505239099 643.142028808594 400.560821533203 1  0
id 1505239100 642.605407714844 403.839904785156 1  0
id 1505239101 653.261169433594 405.704284667969 1  0
id 1505239101 652.368347167969 406.122100830078 1  0
id 1505239102 645.822631835938 401.006652832031 1  0
id 1505239103 650.136840820312 392.391174316406 2  0
id 1505239104 652.420104980469 394.959594726562 2  0
