id 1505240490 651.37109375 404.750823974609 1  0
id 1505240490 650.778381347656 408.904418945312 1  0
id 1505240491 648.802917480469 402.4462890625 1  0
id 1505240492 645.160339355469 401.649505615234 1  0
id 1505240493 650.926025390625 402.475494384766 1  0
id 1505240494 649.030151367188 403.591064453125 1  0
id 1505240495 646.640197753906 399.879302978516 2  0
id 1505240496 647.396667480469 408.5458984375 2  0
id 1505240496 649.24267578125 403.138702392578 2  0
id 1505240497 652.353759765625 401.008728027344 1  0
id 1505240498 648.160217285156 401.244415283203 1  0
id 1505240499 646.595947265625 403.314819335938 2  0
id 1505240500 650.066528320312 404.536376953125 1  0
id 1505240501 642.998291015625 404.6396484375 2  0
id 1505240502 646.223693847656 402.857574462891 2  0
id 1505240502 645.763916015625 399.859375 1  0
id 1505240503 650.84375 404.38037109375 2  0
id 1505240504 645.885559082031 402.566802978516 2  0
id 1505240505 652.044616699219 405.682220458984 1  0
id 1505240506 643.573181152344 404.595092773438 1  0
id 1505240506 650.141296386719 403.006805419922 1  0
id 1505240507 648.454772949219 402.199798583984 1  0
id 1505240508 650.984436035156 403.221649169922 1  0
id 1505240509 652.82861328125 407.780364990234 1  0
id 1505240510 650.846252441406 408.27880859375 2  0
id 1505240510 649.475219726562 403.338623046875 1  0
id 1505240511 648.589599609375 407.1123046875 1  0
id 1505240512 648.997924804688 401.715972900391 1  0
id 1505240513 648.232971191406 402.905609130859 1  0
id 1505240514 652.594055175781 403.631866455078 1  0
id 1505240514 653.228637695312 404.606903076172 2  0
id 1505240515 643.634704589844 401.684814453125 1  0
id 1505240516 643.18310546875 404.044219970703 1  0
id 1505240517 651.391967773438 405.017517089844 1  0
id 1505240517 646.306091308594 406.791015625 1  0
id 1505240518 647.285827636719 403.261322021484 1  0
id 1505240519 649.468200683594 403.557098388672 2  0
id 1505240520 649.415161132812 407.048370361328 2  0
id 1505240521 647.69970703125 402.822448730469 1  0
id 1505240522 647.319519042969 400.734893798828 1  0
id 1505240522 653.969055175781 402.554382324219 2  0
id 1505240524 647.551879882812 403.705627441406 1  0
id 1505240525 653.476928710938 402.548919677734 1  0
id 1505240525 648.055541992188 407.371612548828 1  0
id 1505240526 647.713012695312 402.352020263672 1  0
id 1505240527 646.229248046875 406.205413818359 1  0
id 1505240528 648.567199707031 407.8115234375 1  0
id 1505240529 650.09619140625 409.611114501953 1  0
id 1505240530 -69.7685165405273 619.820068359375 2  0
id 1505240531 -84.0645980834961 630.049865722656 1  0
id 1505240531 -105.546691894531 606.957946777344 2  0
id 1505240531 -110.09415435791 638.388610839844 1  0
id 1505240531 -110.09415435791 638.388610839844 1  0
id 1505240531 -130.077407836914 643.33544921875 1  0
id 1505240531 -105.302574157715 610.393371582031 1  0
id 1505240531 -103.10481262207 641.322204589844 2  0
id 1505240532 -99.7316055297852 641.070373535156 2  0
id 1505240532 -130.077407836914 643.33544921875 1  0
