c 1501611257 568.775329589844 459.377380371094 4  0
back 1501611258 1145.69506835938 483.206970214844 2  0
f 1501611259 527.28515625 369.921783447266 2  0
o 1501611260 1019.62078857422 289.572235107422 1  0
r 1501611260 477.403045654297 282.493225097656 2  0
space 1501611261 736.785461425781 602.037536621094 3  0
y 1501611261 730.339477539062 287.013854980469 3  0
o 1501611262 985.025207519531 302.279968261719 1  0
u 1501611262 826.875 288.956634521484 3  0
r 1501611262 470.274566650391 284.641571044922 2  0
space 1501611263 688.881164550781 578.434265136719 3  0
i 1501611263 925.9765625 284.103332519531 1  0
n 1501611264 849.751037597656 506.022003173828 2  0
f 1501611264 526.9326171875 391.841003417969 2  0
o 1501611265 1012.51910400391 283.574554443359 1  0
r 1501611265 476.351348876953 302.350982666016 1  0
m 1501611266 968.834106445312 504.485931396484 3  0
a 1501611272 226.82096862793 351.596160888672 2  0
t 1501611274 617.161743164062 305.674438476562 1  0
i 1501611275 946.800476074219 295.555053710938 3  0
o 1501611275 1054.95056152344 279.221588134766 1  0
n 1501611275 874.982971191406 513.517761230469 1  0
space 1501611276 810.233154296875 602.4970703125 1  0
p 1501611277 1086.12084960938 287.398559570312 1  0
back 1501611278 1147.76281738281 483.038024902344 2  0
o 1501611279 1069.8388671875 282.155731201172 1  0
n 1501611279 887.382751464844 483.470916748047 2  0
l 1501611280 1089.55737304688 385.475830078125 2  0
y 1501611280 711.562194824219 291.850708007812 3  0
