t 1501611060 567.776611328125 328.078979492188 3  0
h 1501611061 770.944580078125 388.705261230469 2  0
e 1501611061 345.877532958984 301.639892578125 2  0
space 1501611061 739.469482421875 577.706604003906 1  0
p 1501611062 1148.14477539062 295.457580566406 2  0
o 1501611062 1025.06677246094 298.991058349609 1  0
w 1501611063 277.102447509766 283.178344726562 2  0
e 1501611063 361.152313232422 286.851531982422 2  0
r 1501611064 467.188903808594 285.242492675781 1  0
space 1501611064 648.747131347656 593.260314941406 3  0
o 1501611066 1047.21032714844 280.723846435547 1  0
f 1501611067 538.221008300781 386.091613769531 1  0
space 1501611067 724.880798339844 578.896606445312 2  0
d 1501611068 422.421112060547 401.446319580078 2  0
e 1501611069 398.9501953125 287.559631347656 1  0
i 1501611070 925.445007324219 277.561401367188 3  0
back 1501611072 1124.32275390625 491.783782958984 2  0
n 1501611073 875.626647949219 471.433929443359 2  0
i 1501611074 896.228942871094 283.256072998047 2  0
a 1501611074 202.025939941406 377.470642089844 3  0
l 1501611075 1081.13854980469 395.965362548828 2  0
