t 1501611618 601.121032714844 311.495208740234 1  0
h 1501611619 722.118041992188 389.437744140625 2  0
i 1501611619 915.571899414062 284.95849609375 3  0
s 1501611620 298.197967529297 394.756011962891 2  0
space 1501611620 667.585571289062 600.891540527344 3  0
p 1501611621 1142.70703125 276.16845703125 1  0
e 1501611621 383.454467773438 279.287414550781 1  0
r 1501611622 464.968597412109 276.746551513672 2  0
s 1501611624 295.803436279297 371.496490478516 1  0
o 1501611625 1047.52551269531 293.858215332031 1  0
n 1501611626 869.569213867188 488.174987792969 2  0
space 1501611626 768.04541015625 605.935485839844 1  0
o 1501611627 1017.12915039062 273.318634033203 2  0
back 1501611628 1130.96057128906 483.215148925781 2  0
k 1501611628 957.699340820312 396.279449462891 2  0
i 1501611629 915.971801757812 268.456298828125 3  0
back 1501611629 1125.51318359375 505.338104248047 2  0
back 1501611630 1134.83020019531 490.925415039062 2  0
i 1501611631 939.503295898438 282.991607666016 3  0
s 1501611631 310.243347167969 381.526458740234 2  0
space 1501611631 780.197509765625 594.765258789062 2  0
a 1501611634 245.087615966797 372.898956298828 2  0
space 1501611634 667.25830078125 580.1982421875 2  0
d 1501611635 444.236358642578 382.600189208984 1  0
d 1501611635 444.236358642578 382.600189208984 2  0
i 1501611636 911.034301757812 272.157623291016 3  0
back 1501611636 1114.37670898438 490.888977050781 2  0
back 1501611636 1100.30737304688 479.056823730469 2  0
i 1501611637 949.729736328125 275.565124511719 3  0
s 1501611639 351.478698730469 367.442901611328 2  0
a 1501611644 216.379791259766 384.746826171875 2  0
s 1501611644 303.654113769531 405.505889892578 1  0
t 1501611645 612.175720214844 278.000427246094 1  0
e 1501611646 378.467712402344 274.835144042969 1  0
r 1501611646 481.944366455078 269.792449951172 1  0
