c 1501611691 564.432800292969 520.119567871094 1  0
o 1501611691 1050.39477539062 290.33349609375 2  0
m 1501611692 974.735717773438 489.489898681641 1  0
p 1501611692 1142.97961425781 289.306060791016 2  0
a 1501611693 201.089599609375 389.968841552734 2  0
n 1501611693 841.778259277344 510.087310791016 1  0
i 1501611694 934.912231445312 286.660766601562 3  0
e 1501611695 393.988830566406 279.809509277344 1  0
s 1501611695 323.129058837891 400.291442871094 2  0
space 1501611696 637.877685546875 597.203002929688 3  0
z 1501611697 275.701019287109 526.305603027344 1  0
a 1501611698 211.064834594727 385.528167724609 2  0
back 1501611699 1130.62316894531 481.021911621094 2  0
back 1501611699 1149.57861328125 479.472991943359 2  0
a 1501611700 212.110260009766 383.889770507812 1  0
enter 1501611700 926.027404785156 616.114807128906 0  0
n 1501611701 881.665344238281 500.170043945312 2  0
back 1501611701 1168.98901367188 512.360107421875 1  0
back 1501611702 1160.67663574219 493.593811035156 1  0
back 1501611702 1157.98669433594 497.05615234375 1  0
a 1501611703 203.46842956543 399.255157470703 2  0
back 1501611704 1146.44763183594 497.998596191406 1  0
space 1501611705 731.271362304688 588.568237304688 2  0
a 1501611705 232.376708984375 386.193450927734 1  0
n 1501611706 872.07763671875 491.216857910156 1  0
n 1501611706 870.430236816406 488.104583740234 3  0
o 1501611711 1012.84973144531 296.706634521484 1  0
u 1501611712 784.580139160156 272.148559570312 1  0
n 1501611713 861.648132324219 488.822509765625 1  0
c 1501611713 540.38720703125 485.850372314453 2  0
e 1501611714 376.625061035156 282.627471923828 1  0
space 1501611715 671.473999023438 634.139770507812 0  0
a 1501611716 189.098999023438 413.009216308594 1  0
a 1501611716 184.28515625 407.032012939453 1  0
back 1501611717 1136.77075195312 489.059478759766 2  0
space 1501611717 670.690368652344 579.918212890625 2  0
m 1501611720 981.177795410156 505.013549804688 2  0
e 1501611720 381.070861816406 290.418792724609 2  0
r 1501611721 480.341705322266 283.986846923828 1  0
g 1501611721 644.571960449219 395.795867919922 1  0
e 1501611722 369.312683105469 284.617950439453 2  0
e 1501611722 388.624298095703 289.103332519531 1  0
r 1501611722 478.689788818359 281.346069335938 3  0
back 1501611723 1134.24267578125 492.339141845703 2  0
back 1501611723 1147.10717773438 488.215057373047 1  0
r 1501611724 502.113677978516 270.564178466797 1  0
