i 1501611045 925.4169921875 277.216979980469 1  0
space 1501611047 647.217346191406 595.422668457031 3  0
a 1501611047 206.91911315918 398.971954345703 2  0
g 1501611048 636.828430175781 406.23828125 2  0
r 1501611048 494.207244873047 326.512115478516 1  0
e 1501611049 385.921203613281 290.019744873047 1  0
e 1501611049 399.116271972656 315.631805419922 1  0
space 1501611049 618.154846191406 587.602355957031 2  0
space 1501611050 648.631591796875 618.380676269531 1  0
w 1501611050 223.266448974609 291.255401611328 2  0
i 1501611051 941.509338378906 292.700103759766 1  0
t 1501611051 609.562133789062 283.766998291016 1  0
h 1501611052 741.224426269531 400.949462890625 2  0
space 1501611052 698.412048339844 584.453857421875 2  0
y 1501611053 696.26318359375 306.273132324219 1  0
o 1501611053 1035.54858398438 301.417572021484 1  0
u 1501611053 821.951538085938 292.652954101562 3  0
