c 1501611083 525.6767578125 509.795654296875 2  0
a 1501611083 198.2099609375 387.445892333984 2  0
l 1501611084 1067.00964355469 384.055389404297 1  0
l 1501611084 1111.33947753906 383.691162109375 2  0
space 1501611085 734.702758789062 588.288391113281 2  0
f 1501611085 537.303283691406 383.754516601562 2  0
o 1501611086 1014.33605957031 286.716186523438 1  0
d 1501611086 401.959838867188 431.849914550781 4  0
r 1501611086 479.611419677734 276.409759521484 2  0
back 1501611087 1133.56201171875 473.9462890625 2  0
back 1501611087 1131.82934570312 480.923370361328 2  0
r 1501611087 482.719635009766 286.914489746094 2  0
space 1501611088 710.423400878906 583.474182128906 2  0
m 1501611091 985.138793945312 498.20361328125 2  0
o 1501611091 1038.93566894531 297.851898193359 1  0
r 1501611092 501.252563476562 283.481231689453 2  0
e 1501611092 378.368103027344 291.335235595703 1  0
space 1501611092 685.448791503906 578.714233398438 2  0
d 1501611093 407.230041503906 414.911926269531 2  0
e 1501611094 379.950012207031 284.436889648438 2  0
t 1501611095 578.840270996094 287.681335449219 2  0
a 1501611098 206.57096862793 371.055389404297 2  0
i 1501611099 913.397338867188 281.844909667969 1  0
l 1501611100 1096.99072265625 384.866790771484 2  0
s 1501611101 326.106719970703 374.876159667969 1  0
