t 1501611579 603.867004394531 297.758697509766 1  0
h 1501611579 755.397033691406 389.979919433594 2  0
e 1501611580 394.203033447266 301.306182861328 1  0
e 1501611580 388.175048828125 288.099090576172 1  0
back 1501611581 1147.40551757812 489.898101806641 2  0
space 1501611581 692.578186035156 584.9296875 1  0
l 1501611582 1109.33654785156 387.122802734375 2  0
i 1501611582 928.9140625 277.276214599609 1  0
b 1501611583 750.638916015625 502.168121337891 1  0
r 1501611583 498.067626953125 279.404571533203 2  0
a 1501611586 202.57160949707 372.765075683594 2  0
r 1501611587 498.413940429688 283.020721435547 2  0
y 1501611588 740.514343261719 279.588500976562 3  0
space 1501611588 643.753662109375 599.100524902344 1  0
i 1501611589 919.974975585938 274.717102050781 3  0
s 1501611590 307.506591796875 387.097015380859 2  0
space 1501611590 696.009826660156 584.649780273438 1  0
c 1501611593 544.207885742188 474.923950195312 2  0
l 1501611594 1086.10009765625 385.759094238281 1  0
l 1501611594 1089.55737304688 385.475830078125 1  0
o 1501611594 1050.67980957031 280.438751220703 1  0
back 1501611595 1147.15344238281 486.503662109375 2  0
back 1501611595 1118.90600585938 481.979370117188 1  0
o 1501611597 1028.37231445312 292.142700195312 1  0
s 1501611598 331.428802490234 420.266998291016 1  0
e 1501611598 376.196166992188 276.585327148438 2  0
d 1501611599 425.123229980469 397.091735839844 2  0
space 1501611599 683.236633300781 592.4853515625 1  0
t 1501611601 603.124206542969 270.760894775391 2  0
o 1501611601 1024.63891601562 295.738220214844 3  0
d 1501611603 454.156677246094 395.054565429688 2  0
a 1501611606 246.469207763672 372.785522460938 3  0
y 1501611607 686.385620117188 279.703765869141 3  0
