t 1501611389 616.642944335938 309.526885986328 1  0
i 1501611389 931.505920410156 270.474517822266 1  0
m 1501611390 976.154235839844 483.393463134766 1  0
e 1501611390 357.134002685547 274.680419921875 2  0
space 1501611391 692.7353515625 571.319641113281 3  0
t 1501611392 616.352722167969 279.738891601562 1  0
o 1501611392 1012.18835449219 270.430877685547 2  0
space 1501611392 808.953430175781 585.630004882812 1  0
g 1501611393 666.0927734375 374.050720214844 2  0
o 1501611393 1000.81481933594 281.244842529297 2  0
space 1501611394 740.178100585938 599.385437011719 3  0
s 1501611398 353.517639160156 373.833740234375 2  0
h 1501611399 770.126647949219 395.311828613281 2  0
o 1501611400 1055.84851074219 293.174530029297 1  0
p 1501611401 1139.09533691406 286.336273193359 2  0
p 1501611401 1138.61108398438 279.796112060547 2  0
o 1501611402 986.420959472656 275.842681884766 3  0
n 1501611402 840.833801269531 519.377807617188 1  0
g 1501611403 630.800170898438 416.361419677734 1  0
back 1501611404 1128.67248535156 473.491271972656 2  0
back 1501611404 1108.23425292969 478.409027099609 1  0
back 1501611405 1115.74597167969 474.547790527344 2  0
back 1501611405 1119.19287109375 474.266052246094 2  0
l 1501611405 1096.35974121094 348.929077148438 3  0
l 1501611406 1112.05285644531 416.275268554688 3  0
back 1501611407 1108.20532226562 516.9814453125 1  0
back 1501611407 1134.91101074219 482.721588134766 2  0
back 1501611407 1125.951171875 483.453704833984 2  0
p 1501611409 1139.37365722656 283.023742675781 1  0
p 1501611409 1137.70764160156 286.450256347656 1  0
i 1501611410 927.898742675781 273.372192382812 1  0
n 1501611411 865.829711914062 501.464111328125 2  0
g 1501611411 646.494995117188 405.445922851562 1  0
