t 1501611312 600.069213867188 315.216979980469 1  0
h 1501611314 758.001831054688 379.951843261719 2  0
e 1501611314 384.781951904297 320.620208740234 3  0
space 1501611314 636.817016601562 564.99658203125 1  0
p 1501611315 1175.11389160156 280.087646484375 2  0
r 1501611316 517.47509765625 329.098297119141 1  0
i 1501611316 912.63818359375 291.782104492188 2  0
e 1501611317 377.450469970703 290.890228271484 2  0
d 1501611317 380.247528076172 362.490997314453 1  0
d 1501611317 388.6142578125 359.040954589844 3  0
back 1501611318 1166.91821289062 507.755554199219 1  0
space 1501611318 497.704772949219 609.312438964844 0  0
e 1501611318 388.242889404297 320.335693359375 1  0
back 1501611320 1152.85388183594 495.59814453125 3  0
back 1501611320 1149.83056640625 482.869079589844 2  0
back 1501611320 1147.41821289062 483.066162109375 2  0
back 1501611321 1150.36083984375 475.991607666016 2  0
c 1501611322 520.75048828125 496.352508544922 1  0
e 1501611322 394.346588134766 297.479583740234 2  0
space 1501611323 608.921203613281 584.957275390625 2  0
o 1501611323 1061.5517578125 299.281921386719 2  0
f 1501611324 542.559936523438 387.803039550781 1  0
space 1501611324 698.875244140625 574.219177246094 3  0
space 1501611324 750.374877929688 570.017517089844 2  0
g 1501611328 661.840515136719 394.379974365234 2  0
a 1501611328 203.151138305664 394.62744140625 2  0
s 1501611329 261.051361083984 405.728698730469 3  0
s 1501611329 326.269989013672 400.378173828125 2  0
space 1501611329 666.228637695312 580.2822265625 3  0
back 1501611330 1134.69372558594 496.057495117188 3  0
back 1501611330 1132.34631347656 480.881103515625 2  0
space 1501611331 781.867797851562 574.248107910156 2  0
i 1501611332 923.444396972656 274.431884765625 3  0
s 1501611332 305.803466796875 401.023803710938 2  0
space 1501611332 697.514282226562 587.924499511719 2  0
h 1501611333 755.038940429688 399.817199707031 2  0
i 1501611334 930.556762695312 273.84716796875 1  0
g 1501611334 659.714294433594 374.746307373047 1  0
h 1501611334 762.667602539062 379.569244384766 1  0
