s 1501611514 329.654052734375 382.347747802734 2  0
t 1501611515 596.949951171875 294.687744140625 3  0
a 1501611515 188.797241210938 384.078582763672 3  0
b 1501611516 761.845458984375 503.472625732422 2  0
i 1501611516 915.411987304688 291.554168701172 2  0
i 1501611517 920.33447265625 281.274688720703 3  0
back 1501611518 1139.73425292969 493.938995361328 2  0
l 1501611519 1088.05065917969 395.399169921875 2  0
i 1501611519 915.038024902344 278.416870117188 1  0
t 1501611520 615.962768554688 296.417602539062 1  0
y 1501611520 698.044555664062 292.962005615234 3  0
space 1501611521 621.335632324219 577.145385742188 2  0
o 1501611523 1062.2255859375 276.198059082031 1  0
f 1501611524 526.100524902344 401.379180908203 1  0
space 1501611524 720.202819824219 569.078430175781 3  0
t 1501611526 591.890075683594 321.080902099609 1  0
h 1501611526 757.12451171875 389.838287353516 2  0
e 1501611527 365.468780517578 328.093597412109 3  0
space 1501611527 721.27783203125 592.779174804688 2  0
space 1501611527 733.114685058594 591.81396484375 1  0
n 1501611528 864.255859375 495.102447509766 1  0
n 1501611528 864.255859375 495.102447509766 2  0
a 1501611528 207.265808105469 392.393249511719 2  0
back 1501611529 1116.3994140625 492.431060791016 2  0
back 1501611530 1131.3125 480.965606689453 2  0
a 1501611531 205.364593505859 408.919494628906 2  0
t 1501611531 578.87060546875 297.387573242188 3  0
i 1501611532 904.238098144531 295.762512207031 2  0
o 1501611532 1017.80456542969 286.431213378906 1  0
n 1501611533 848.646606445312 509.355407714844 1  0
