p 1501611654 1148.11560058594 285.595306396484 1  0
r 1501611656 477.829193115234 305.002227783203 1  0
o 1501611656 1009.38244628906 296.991455078125 1  0
t 1501611657 607.135620117188 283.966552734375 3  0
e 1501611658 376.358520507812 267.711730957031 2  0
c 1501611659 540.886535644531 502.057769775391 1  0
t 1501611659 592.100708007812 281.907287597656 2  0
space 1501611661 655.694641113281 570.94091796875 3  0
b 1501611661 772.558959960938 503.109344482422 4  0
y 1501611661 719.939208984375 287.868957519531 1  0
back 1501611662 1138.08215332031 504.311706542969 1  0
back 1501611663 1146.2919921875 486.574035644531 1  0
y 1501611663 737.72509765625 279.644378662109 3  0
o 1501611664 986.499633789062 298.871154785156 3  0
u 1501611664 826.875 288.956634521484 3  0
r 1501611665 515.362609863281 284.923156738281 2  0
space 1501611665 726.853759765625 585.531677246094 2  0
e 1501611666 386.704833984375 269.814025878906 2  0
n 1501611666 865.485717773438 478.763610839844 2  0
v 1501611669 628.998901367188 481.852752685547 1  0
i 1501611670 909.864379882812 292.010040283203 1  0
r 1501611673 480.419189453125 290.226257324219 1  0
o 1501611674 1069.8388671875 282.155731201172 1  0
n 1501611674 857.661437988281 482.652465820312 1  0
m 1501611675 986.945495605469 501.299560546875 2  0
space 1501611675 808.716125488281 644.962829589844 3  0
back 1501611677 1132.07421875 491.150543212891 2  0
e 1501611679 400.605895996094 258.414520263672 2  0
n 1501611680 870.011474609375 491.3857421875 2  0
t 1501611680 602.810485839844 273.043487548828 1  0
