q 1501611764 166.244415283203 287.267211914062 1  0
u 1501611765 803.164733886719 297.487884521484 2  0
e 1501611766 366.940277099609 281.861907958984 1  0
s 1501611769 301.120697021484 397.790222167969 1  0
t 1501611770 605.225158691406 251.825836181641 2  0
i 1501611772 911.803161621094 270.880401611328 4  0
o 1501611773 1053.36010742188 283.509735107422 1  0
p 1501611773 1097.35998535156 316.052734375 3  0
n 1501611773 867.686279296875 492.60107421875 1  0
back 1501611775 1122.98950195312 490.185363769531 2  0
back 1501611775 1132.07421875 491.150543212891 2  0
n 1501611776 869.569213867188 488.174987792969 2  0
space 1501611778 643.787231445312 595.702392578125 1  0
t 1501611781 578.184936523438 291.896850585938 2  0
h 1501611781 757.235290527344 393.099304199219 2  0
a 1501611782 204.388778686523 376.758758544922 2  0
t 1501611782 591.060607910156 281.992828369141 1  0
space 1501611783 567.015686035156 595.171020507812 1  0
m 1501611784 986.683837890625 511.047149658203 3  0
u 1501611785 809.713134765625 290.367248535156 1  0
s 1501611786 321.802825927734 402.639373779297 1  0
t 1501611787 586.300842285156 281.516876220703 2  0
space 1501611787 608.377075195312 588.399963378906 1  0
b 1501611788 745.852172851562 495.04150390625 1  0
e 1501611788 360.839721679688 290.695220947266 1  0
space 1501611789 557.897277832031 575.520202636719 1  0
a 1501611791 233.797698974609 374.861755371094 2  0
a 1501611791 222.6484375 384.749694824219 2  0
n 1501611792 869.420654296875 494.680328369141 1  0
back 1501611792 1134.29040527344 486.017517089844 1  0
back 1501611793 1143.66162109375 488.496551513672 1  0
n 1501611793 854.860046386719 492.624206542969 1  0
s 1501611795 295.274597167969 391.721130371094 2  0
w 1501611796 266.003082275391 285.654754638672 3  0
e 1501611796 368.746673583984 271.9873046875 1  0
r 1501611797 485.290710449219 277.331298828125 1  0
e 1501611801 379.169677734375 285.368988037109 3  0
d 1501611802 446.133819580078 405.526947021484 1  0
