w 1501611421 254.111099243164 288.890533447266 2  0
space 1501611421 817.308715820312 588.344604492188 2  0
back 1501611423 1143.60375976562 497.036346435547 2  0
i 1501611424 932.287414550781 280.118835449219 1  0
t 1501611425 587.954406738281 267.320861816406 3  0
h 1501611425 740.30859375 394.486907958984 2  0
space 1501611426 684.458312988281 626.984924316406 0  0
e 1501611429 334.151153564453 320.280090332031 0  0
a 1501611431 204.660003662109 385.881500244141 2  0
c 1501611431 526.817199707031 499.960235595703 3  0
h 1501611434 727.759643554688 392.245758056641 2  0
space 1501611434 661.221374511719 616.337463378906 4  0
space 1501611434 690.641784667969 653.3916015625 0  0
s 1501611438 358.887512207031 389.086517333984 2  0
t 1501611439 570.814697265625 293.369781494141 1  0
e 1501611443 363.373229980469 274.166870117188 2  0
p 1501611444 1094.99304199219 280.088928222656 3  0
space 1501611445 620.71728515625 645.045043945312 0  0
f 1501611445 505.124847412109 403.959747314453 2  0
o 1501611446 1041.03063964844 291.102783203125 1  0
r 1501611446 491.590240478516 290.174652099609 1  0
w 1501611447 295.381225585938 282.542144775391 2  0
s 1501611448 262.855438232422 381.276489257812 2  0
back 1501611450 1170.1640625 481.207672119141 1  0
a 1501611450 206.371398925781 369.172271728516 1  0
r 1501611451 520.69775390625 260.17431640625 1  0
d 1501611451 454.357696533203 391.765197753906 1  0
