r 1501611477 518.620666503906 297.141784667969 1  0
back 1501611478 1142.73095703125 503.932067871094 2  0
back 1501611478 1134.81066894531 504.578857421875 2  0
t 1501611479 623.365356445312 325.760589599609 1  0
h 1501611480 761.1455078125 396.048034667969 2  0
h 1501611480 738.123291015625 391.396087646484 2  0
h 1501611480 727.1328125 436.292602539062 1  0
back 1501611481 1134.30383300781 497.795928955078 2  0
back 1501611481 1128.62072753906 498.260101318359 2  0
e 1501611481 393.712219238281 319.193389892578 1  0
e 1501611482 393.363311767578 294.612030029297 1  0
e 1501611482 389.556976318359 291.455657958984 2  0
back 1501611483 1141.02038574219 497.247344970703 2  0
back 1501611483 1126.65209960938 488.178588867188 2  0
space 1501611484 754.652648925781 583.264526367188 1  0
s 1501611484 310.845123291016 402.677124023438 1  0
e 1501611484 346.026306152344 278.894714355469 1  0
e 1501611485 354.274719238281 284.466705322266 1  0
back 1501611486 1137.24194335938 490.728393554688 2  0
c 1501611486 525.621459960938 483.806732177734 2  0
o 1501611487 1047.36804199219 287.292541503906 1  0
n 1501611487 845.907897949219 509.749908447266 1  0
d 1501611489 424.9287109375 384.529205322266 2  0
space 1501611490 642.620178222656 592.401428222656 2  0
l 1501611490 1083.16137695312 385.999877929688 2  0
a 1501611491 208.594787597656 381.935607910156 1  0
r 1501611491 504.272216796875 285.83544921875 2  0
r 1501611491 475.162231445312 288.230072021484 3  0
back 1501611492 1176.2900390625 508.013397216797 1  0
g 1501611493 631.372131347656 390.336273193359 2  0
e 1501611493 381.724731445312 275.95654296875 1  0
s 1501611494 308.438262939453 375.809051513672 1  0
t 1501611494 578.145629882812 276.461334228516 1  0
space 1501611495 638.259399414062 582.563903808594 2  0
z 1501611495 346.29833984375 545.794860839844 1  0
c 1501611495 537.790161132812 502.310974121094 1  0
o 1501611496 1025.14807128906 302.271728515625 3  0
u 1501611496 836.245178222656 271.716369628906 1  0
n 1501611497 870.47705078125 501.084320068359 2  0
t 1501611497 605.481811523438 311.483093261719 1  0
r 1501611498 476.885894775391 260.826293945312 1  0
back 1501611499 1161.18737792969 488.772247314453 2  0
back 1501611499 1137.33325195312 487.305969238281 3  0
back 1501611499 1133.63391113281 484.192443847656 3  0
back 1501611499 1133.38024902344 480.796630859375 3  0
back 1501611499 1140.96228027344 480.177062988281 2  0
back 1501611500 1151.83276367188 472.453033447266 2  0
back 1501611500 1155.78259277344 478.966033935547 2  0
c 1501611501 531.443054199219 508.469879150391 2  0
o 1501611502 1040.58996582031 294.427917480469 1  0
u 1501611502 849.138427734375 283.833984375 1  0
n 1501611504 850.039367675781 493.018218994141 1  0
t 1501611505 604.927612304688 280.852203369141 1  0
r 1501611505 498.413940429688 283.020721435547 2  0
y 1501611505 743.505126953125 295.809234619141 1  0
