a 1501611342 216.417755126953 381.810913085938 2  0
space 1501611343 688.460327148438 585.265563964844 2  0
p 1501611344 1163.66247558594 281.028381347656 1  0
r 1501611344 487.91162109375 326.33740234375 1  0
o 1501611344 1023.10986328125 276.120147705078 3  0
b 1501611345 781.872009277344 498.590148925781 2  0
l 1501611345 1108.78845214844 393.700500488281 2  0
w 1501611346 302.387847900391 286.132659912109 3  0
m 1501611346 976.788879394531 482.657897949219 2  0
back 1501611347 1164.09948730469 495.3623046875 2  0
back 1501611347 1146.10729980469 493.418395996094 2  0
w 1501611348 297.378662109375 284.982330322266 1  0
m 1501611348 977.736572265625 479.332733154297 2  0
back 1501611349 1157.49096679688 485.659088134766 2  0
back 1501611349 1132.08325195312 484.319152832031 2  0
e 1501611350 382.919860839844 258.132019042969 2  0
m 1501611351 981.695373535156 498.484954833984 1  0
space 1501611351 770.968078613281 619.597900390625 0  0
o 1501611352 1022.14031982422 286.074951171875 2  0
f 1501611353 547.908752441406 385.469146728516 2  0
space 1501611354 759.363708496094 589.673583984375 2  0
t 1501611354 545.016845703125 295.664611816406 2  0
h 1501611355 742.847534179688 387.738098144531 2  0
e 1501611355 378.791564941406 281.581115722656 2  0
space 1501611356 654.973022460938 574.400756835938 3  0
back 1501611360 1147.41821289062 483.066162109375 2  0
back 1501611361 1150.61267089844 479.388488769531 2  0
back 1501611361 1141.58251953125 469.871795654297 2  0
back 1501611361 1135.56701660156 472.927764892578 2  0
back 1501611362 1150.74816894531 471.85791015625 2  0
back 1501611362 1116.00170898438 477.945068359375 3  0
back 1501611362 1139.59948730469 475.845703125 2  0
w 1501611363 247.612152099609 283.521759033203 2  0
i 1501611364 900.234375 289.510620117188 2  0
t 1501611364 611.499633789062 282.046508789062 1  0
h 1501611365 725.862609863281 382.587463378906 2  0
space 1501611365 662.540710449219 585.341003417969 4  0
t 1501611366 619.332763671875 291.287200927734 1  0
h 1501611367 746.302612304688 387.454803466797 2  0
e 1501611367 387.269317626953 324.57080078125 3  0
b 1501611368 717.911804199219 520.036804199219 2  0
back 1501611369 1136.1171875 494.234436035156 2  0
space 1501611369 717.518615722656 631.9130859375 0  0
e 1501611370 325.805755615234 298.261627197266 2  0
n 1501611370 862.582641601562 485.498413085938 2  0
g 1501611373 634.308227539062 390.095489501953 1  0
i 1501611373 923.733947753906 290.870330810547 2  0
n 1501611374 879.711059570312 516.202270507812 1  0
w 1501611377 294.900421142578 293.170745849609 3  0
back 1501611378 1151.63293457031 486.137664794922 2  0
back 1501611378 1151.63293457031 486.137664794922 3  0
n 1501611379 882.333129882812 493.624969482422 3  0
e 1501611379 379.897064208984 285.656280517578 2  0
