t 1501611731 599.565368652344 275.740478515625 1  0
i 1501611731 908.353942871094 282.086090087891 1  0
k 1501611732 972.729553222656 388.512786865234 2  0
back 1501611733 1166.05859375 486.666809082031 1  0
k 1501611734 974.19921875 398.194122314453 2  0
back 1501611735 1144.61303710938 510.599700927734 2  0
c 1501611736 535.456237792969 496.004791259766 2  0
k 1501611737 982.92431640625 394.212677001953 2  0
e 1501611740 362.264984130859 270.08837890625 1  0
t 1501611741 603.669128417969 284.251647949219 1  0
s 1501611741 331.338897705078 373.238677978516 1  0
space 1501611742 597.88525390625 592.653198242188 1  0
a 1501611744 205.02392578125 382.746337890625 1  0
r 1501611745 511.931640625 281.908660888672 1  0
e 1501611745 398.704437255859 278.032379150391 2  0
space 1501611746 568.1455078125 590.662414550781 3  0
v 1501611746 655.433898925781 495.939025878906 2  0
e 1501611747 411.017395019531 300.096588134766 2  0
r 1501611747 496.020782470703 279.920135498047 2  0
y 1501611748 708.382873535156 285.525207519531 3  0
space 1501611748 670.065551757812 590.1630859375 3  0
e 1501611749 374.949829101562 274.603607177734 1  0
x 1501611749 454.893768310547 523.268249511719 2  0
p 1501611750 1144.88757324219 289.149322509766 1  0
e 1501611751 355.660797119141 284.352630615234 1  0
n 1501611751 876.717651367188 513.546691894531 1  0
s 1501611755 303.346527099609 397.435241699219 1  0
i 1501611756 936.042114257812 261.774719238281 2  0
v 1501611756 643.854675292969 500.133392333984 1  0
e 1501611757 375.304260253906 288.637481689453 3  0
