h 1501611170 737.746154785156 367.310607910156 1  0
a 1501611172 199.499694824219 376.642425537109 2  0
b 1501611172 785.016662597656 540.811218261719 4  0
v 1501611172 634.164001464844 481.430206298828 2  0
e 1501611172 402.387359619141 304.620208740234 3  0
back 1501611173 1146.77111816406 507.013244628906 2  0
back 1501611173 1127.16088867188 494.966033935547 2  0
back 1501611173 1141.03161621094 490.418792724609 2  0
v 1501611174 645.108520507812 496.783325195312 2  0
w 1501611175 304.836578369141 289.576446533203 3  0
v 1501611175 684.745788574219 542.183837890625 1  0
back 1501611176 1163.73852539062 502.216583251953 3  0
back 1501611176 1132.58166503906 497.936584472656 2  0
e 1501611177 326.529968261719 295.079620361328 2  0
space 1501611178 686.401428222656 585.433532714844 3  0
space 1501611178 748.177429199219 580.394836425781 1  0
a 1501611178 203.588073730469 385.62451171875 2  0
space 1501611179 721.992431640625 565.87109375 1  0
g 1501611180 641.301635742188 379.014251708984 2  0
o 1501611181 1024.74182128906 285.861206054688 2  0
d 1501611182 443.430786132812 392.144775390625 2  0
back 1501611182 1158.1015625 482.193267822266 2  0
o 1501611183 1017.19305419922 289.771697998047 3  0
d 1501611183 435.566009521484 390.033203125 2  0
space 1501611184 757.710815429688 657.229858398438 0  0
w 1501611184 295.154998779297 273.527984619141 2  0
e 1501611185 392.961791992188 283.539855957031 2  0
e 1501611185 388.413299560547 276.448181152344 2  0
k 1501611185 968.583740234375 395.387634277344 2  0
e 1501611186 379.372894287109 269.896362304688 2  0
n 1501611187 872.766296386719 491.160552978516 2  0
space 1501611187 802.422180175781 570.021728515625 1  0
d 1501611187 428.218200683594 380.811218261719 2  0
back 1501611188 1131.38513183594 491.206848144531 2  0
back 1501611189 1131.82934570312 480.923370361328 2  0
d 1501611190 418.008911132812 399.053070068359 2  0
