t 1501611221 610.929748535156 313.805206298828 1  0
h 1501611222 769.499145507812 392.093933105469 2  0
w 1501611222 294.469665527344 311.068939208984 2  0
space 1501611223 627.571350097656 607.208251953125 0  0
back 1501611223 1113.97802734375 506.280090332031 2  0
back 1501611224 1119.14916992188 499.033721923828 2  0
e 1501611224 393.106079101562 306.076812744141 1  0
space 1501611225 665.271240234375 573.560485839844 2  0
s 1501611226 306.463500976562 424.377868652344 1  0
u 1501611226 805.168029785156 284.155395507812 1  0
m 1501611227 968.179565429688 496.34521484375 2  0
space 1501611228 704.072448730469 612.845153808594 0  0
n 1501611228 856.663269042969 505.798645019531 1  0
o 1501611228 1004.34869384766 303.97998046875 3  0
back 1501611230 1133.60546875 504.677276611328 2  0
back 1501611230 1126.65209960938 488.178588867188 2  0
o 1501611231 1026.55725097656 289.002319335938 1  0
f 1501611231 522.528076171875 389.446197509766 2  0
space 1501611231 711.207946777344 592.242004394531 1  0
h 1501611233 729.377136230469 379.026580810547 2  0
back 1501611233 1181.24304199219 502.322357177734 1  0
t 1501611237 601.900024414062 278.325042724609 2  0
h 1501611238 729.027648925781 388.871185302734 2  0
e 1501611238 357.857696533203 321.794555664062 3  0
space 1501611239 660.813293457031 630.774475097656 0  0
n 1501611239 873.964904785156 513.771606445312 1  0
p 1501611239 1130.76928710938 287.020202636719 2  0
back 1501611241 1135.27575683594 480.641754150391 2  0
back 1501611241 1119.16137695312 485.374938964844 2  0
p 1501611243 1148.11560058594 285.595306396484 1  0
a 1501611244 234.645202636719 396.179626464844 2  0
r 1501611245 489.585876464844 292.941009521484 2  0
t 1501611245 626.943176269531 279.041351318359 3  0
s 1501611246 353.415740966797 402.112762451172 1  0
