a 1501611205 208.817947387695 395.541412353516 2  0
l 1501611205 1096.9638671875 391.403076171875 2  0
l 1501611206 1104.42431640625 384.257720947266 2  0
space 1501611206 720.827026367188 587.7216796875 1  0
w 1501611207 265.392211914062 289.871612548828 2  0
o 1501611208 1047.68298339844 300.420959472656 1  0
r 1501611208 486.807678222656 271.302673339844 1  0
k 1501611209 958.394287109375 402.754577636719 2  0
space 1501611209 728.8076171875 623.032836914062 0  0
a 1501611210 206.385406494141 389.016815185547 2  0
n 1501611210 886.004821777344 483.583587646484 2  0
d 1501611210 442.951873779297 436.908905029297 1  0
space 1501611211 717.59375 632.753601074219 0  0
n 1501611211 856.926147460938 492.455322265625 3  0
o 1501611212 1047.68298339844 300.420959472656 1  0
space 1501611212 795.225036621094 586.749450683594 1  0
p 1501611213 1158.52404785156 284.740325927734 1  0
l 1501611213 1059.09814453125 401.035736083984 1  0
a 1501611214 215.720291137695 394.974914550781 2  0
y 1501611214 684.766052246094 300.637329101562 3  0
