p 1501611541 1147.98046875 279.026336669922 1  0
l 1501611542 1092.98876953125 391.728698730469 2  0
e 1501611542 380.571380615234 287.162872314453 2  0
a 1501611543 194.485565185547 388.441558837891 3  0
s 1501611543 309.476989746094 399.516540527344 2  0
e 1501611543 357.878112792969 287.294586181641 2  0
space 1501611544 694.0830078125 588.204345703125 2  0
f 1501611545 554.112121582031 392.195159912109 1  0
o 1501611546 1038.93566894531 297.851898193359 1  0
l 1501611546 1079.18566894531 386.325622558594 1  0
l 1501611546 1096.99072265625 384.866790771484 2  0
o 1501611547 1021.59973144531 299.275817871094 1  0
w 1501611547 263.015625 288.852020263672 2  0
w 1501611547 274.301147460938 291.568511962891 2  0
space 1501611548 696.009826660156 584.649780273438 1  0
back 1501611548 1123.81372070312 480.382385253906 2  0
back 1501611549 1121.74572753906 485.163787841797 2  0
space 1501611550 745.890502929688 597.562194824219 3  0
t 1501611551 622.4208984375 307.839874267578 1  0
h 1501611552 736.854370117188 394.770050048828 2  0
e 1501611552 370.588928222656 295.618225097656 2  0
e 1501611552 364.856536865234 295.916381835938 2  0
space 1501611553 659.773132324219 591.002502441406 2  0
back 1501611553 1117.09399414062 485.543884277344 2  0
back 1501611554 1121.74572753906 485.163787841797 2  0
space 1501611554 700.390747070312 591.086486816406 1  0
g 1501611556 631.995239257812 406.634460449219 2  0
u 1501611556 823.441955566406 295.821502685547 1  0
i 1501611557 923.4326171875 267.842834472656 1  0
l 1501611557 1072.595703125 393.399291992188 1  0
l 1501611558 1065.31787109375 400.526306152344 2  0
d 1501611558 425.573303222656 389.302276611328 1  0
back 1501611558 1119.06604003906 495.627258300781 2  0
back 1501611559 1118.31188964844 471.773895263672 2  0
d 1501611561 464.705383300781 380.058532714844 1  0
l 1501611565 1080.98901367188 389.445220947266 1  0
i 1501611565 947.314086914062 288.932678222656 1  0
n 1501611566 859.096008300781 518.227294921875 2  0
e 1501611568 364.031860351562 273.765197753906 2  0
s 1501611568 313.053863525391 366.454650878906 1  0
