t 1501700938 576.792785644531 244.986557006836 1  0
h 1501700939 776.83544921875 358.364929199219 1  0
e 1501700939 333.008666992188 241.256805419922 1  0
space 1501700940 656.444091796875 614.38916015625 1  0
l 1501700940 1190.25939941406 404.321350097656 1  0
b 1501700941 756.469482421875 500.446136474609 1  0
r 1501700941 483.917999267578 240.423614501953 1  0
back 1501700942 1189.58630371094 488.594299316406 2  0
back 1501700942 1187.46264648438 495.223663330078 2  0
i 1501700943 954.436645507812 263.797729492188 1  0
i 1501700943 945.430480957031 277.963989257812 1  0
b 1501700943 770.237976074219 499.349914550781 1  0
r 1501700944 474.543273925781 263.262908935547 1  0
a 1501700944 148.384140014648 382.665344238281 1  0
r 1501700944 475.759063720703 246.434600830078 1  0
y 1501700945 717.130004882812 243.124572753906 2  0
space 1501700945 634.986083984375 594.474609375 1  0
i 1501700946 996.800537109375 246.925659179688 1  0
s 1501700946 279.128936767578 351.072143554688 1  0
space 1501700946 657.010009765625 609.112243652344 1  0
c 1501700947 521.187438964844 517.820983886719 1  0
l 1501700948 1126.59204101562 388.721527099609 1  0
o 1501700948 1092.18286132812 287.662384033203 1  0
s 1501700948 273.332092285156 381.689758300781 1  0
e 1501700948 327.428985595703 262.581726074219 1  0
d 1501700949 399.403625488281 366.245819091797 1  0
space 1501700950 623.040222167969 597.954772949219 1  0
t 1501700951 606.449523925781 254.664093017578 1  0
o 1501700952 1100.46594238281 248.909362792969 1  0
d 1501700952 393.163757324219 377.194122314453 1  0
a 1501700952 137.18505859375 375.007049560547 1  0
y 1501700953 657.704406738281 252.244171142578 1  0
