t 1501700760 575.188842773438 265.812347412109 2  0
h 1501700760 801.69189453125 349.682373046875 2  0
e 1501700761 316.056701660156 239.005569458008 2  0
space 1501700761 665.403930664062 594.768676757812 1  0
s 1501700762 293.299713134766 362.615905761719 1  0
u 1501700762 825.559631347656 263.857330322266 1  0
m 1501700763 998.309143066406 471.491363525391 1  0
space 1501700764 777.760986328125 587.560852050781 2  0
space 1501700764 679.847106933594 605.785766601562 1  0
o 1501700765 1102.40014648438 242.023101806641 1  0
f 1501700765 558.067077636719 357.087738037109 1  0
space 1501700766 662.272216796875 598.395324707031 1  0
t 1501700767 576.440795898438 248.811294555664 1  0
h 1501700767 799.448547363281 366.488159179688 1  0
e 1501700767 340.115173339844 240.853454589844 1  0
space 1501700768 640.471313476562 617.171203613281 1  0
p 1501700768 1229.12951660156 262.332855224609 1  0
a 1501700769 145.639770507812 364.563568115234 1  0
r 1501700769 465.698364257812 243.279983520508 1  0
t 1501700769 611.646362304688 260.107116699219 3  0
s 1501700770 259.477752685547 349.053619384766 1  0
