s 1501700899 277.706146240234 357.701354980469 1  0
t 1501700899 587.885314941406 240.291534423828 1  0
a 1501700900 158.04133605957 362.02294921875 1  0
b 1501700901 784.452575683594 501.446929931641 2  0
i 1501700901 945.282470703125 240.904815673828 1  0
l 1501700901 1173.00109863281 356.234680175781 1  0
i 1501700902 977.228698730469 255.923614501953 1  0
t 1501700902 601.188171386719 234.898239135742 1  0
y 1501700903 707.422912597656 231.824264526367 1  0
space 1501700904 514.858825683594 616.817749023438 1  0
o 1501700905 1088.37487792969 250.920333862305 1  0
f 1501700905 526.989868164062 385.787048339844 1  0
space 1501700906 653.549926757812 597.396789550781 1  0
t 1501700906 583.065002441406 260.348815917969 1  0
h 1501700907 800.391723632812 354.930603027344 2  0
h 1501700907 816.528381347656 356.377563476562 1  0
e 1501700907 324.067718505859 242.499206542969 2  0
back 1501700908 1191.06335449219 465.844512939453 1  0
back 1501700908 1172.7734375 486.700012207031 1  0
e 1501700909 334.263366699219 254.096313476562 2  0
space 1501700910 619.565307617188 614.944152832031 1  0
n 1501700911 902.50927734375 488.818695068359 1  0
a 1501700911 133.085205078125 378.932159423828 1  0
t 1501700912 589.558776855469 254.995315551758 1  0
i 1501700912 957.785217285156 248.696136474609 2  0
o 1501700912 1079.86254882812 244.705642700195 1  0
n 1501700916 907.584045410156 472.251953125 3  0
