c 1501700698 519.254272460938 526.799255371094 1  0
a 1501700698 144.812149047852 391.678527832031 1  0
l 1501700699 1171.08557128906 375.404632568359 1  0
l 1501700699 1180.12109375 370.228637695312 1  0
space 1501700700 698.154663085938 605.856506347656 1  0
f 1501700701 542.491943359375 384.371704101562 1  0
o 1501700702 1066.86560058594 257.830139160156 1  0
r 1501700702 466.001617431641 253.952819824219 2  0
space 1501700702 695.314392089844 612.833312988281 1  0
z 1501700703 312.401123046875 558.507385253906 0  0
m 1501700704 1032.10681152344 504.343383789062 1  0
o 1501700705 1103.46264648438 272.632659912109 1  0
r 1501700705 463.183959960938 261.078643798828 1  0
back 1501700706 1218.25769042969 466.914886474609 1  0
back 1501700707 1195.16564941406 481.687286376953 2  0
back 1501700707 1188.31677246094 485.463958740234 2  0
back 1501700707 1199.38305664062 503.962890625 1  0
m 1501700708 999.761474609375 516.59375 1  0
o 1501700708 1100.38439941406 261.850860595703 1  0
r 1501700709 452.986297607422 258.282836914062 2  0
e 1501700709 353.990173339844 256.293273925781 1  0
space 1501700711 612.672729492188 618.863830566406 1  0
d 1501700712 393.570709228516 388.627960205078 1  0
e 1501700713 337.680511474609 260.545074462891 1  0
t 1501700714 563.325866699219 265.737152099609 1  0
a 1501700715 164.134292602539 380.713897705078 1  0
i 1501700715 976.596618652344 247.867126464844 1  0
l 1501700715 1109.61108398438 371.252136230469 1  0
s 1501700716 262.953186035156 383.722045898438 1  0
