w 1501700851 215.561798095703 251.465103149414 1  0
i 1501700852 971.532348632812 227.90380859375 2  0
t 1501700852 581.979736328125 230.927322387695 1  0
h 1501700853 759.889831542969 349.439514160156 2  0
space 1501700854 677.997131347656 608.295654296875 1  0
e 1501700854 336.811767578125 251.647415161133 1  0
a 1501700855 154.190444946289 371.754943847656 1  0
c 1501700856 544.889831542969 508.46240234375 1  0
h 1501700856 784.32470703125 372.840087890625 1  0
space 1501700858 667.973388671875 606.218933105469 1  0
s 1501700858 267.744354248047 363.987030029297 1  0
t 1501700859 605.244140625 231.461242675781 1  0
e 1501700859 351.18603515625 234.603912353516 1  0
p 1501700860 1208.95300292969 239.463470458984 2  0
space 1501700861 627.664916992188 624.425231933594 1  0
f 1501700861 519.712768554688 367.196166992188 1  0
o 1501700862 1088.16845703125 243.517227172852 2  0
r 1501700863 464.856292724609 247.317321777344 1  0
w 1501700863 205.980209350586 258.278045654297 1  0
a 1501700864 141.206695556641 387.007263183594 2  0
r 1501700864 465.052581787109 251.269729614258 1  0
d 1501700865 396.183135986328 376.095428466797 1  0
