t 1501700793 565.779113769531 238.97380065918 2  0
h 1501700794 788.866455078125 350.369720458984 2  0
e 1501700794 321.363555908203 245.134521484375 1  0
space 1501700795 677.260498046875 592.139953613281 1  0
p 1501700795 1205.4482421875 268.722473144531 1  0
r 1501700796 447.813323974609 245.936370849609 2  0
i 1501700796 1005.01019287109 233.315582275391 1  0
c 1501700797 532.289428710938 495.703979492188 1  0
e 1501700797 330.639007568359 252.664932250977 1  0
space 1501700798 643.33447265625 622.174377441406 1  0
o 1501700798 1081.71240234375 253.01042175293 1  0
f 1501700799 534.170593261719 373.228057861328 1  0
g 1501700799 650.50341796875 364.055297851562 1  0
back 1501700800 1200.16369628906 461.884155273438 1  0
g 1501700801 661.164428710938 370.565216064453 1  0
back 1501700802 1193.04040527344 488.319671630859 1  0
space 1501700803 668.460998535156 594.188598632812 1  0
g 1501700803 675.119689941406 386.906311035156 1  0
a 1501700804 134.805999755859 385.468658447266 1  0
s 1501700804 278.433166503906 377.171447753906 1  0
space 1501700804 657.219116210938 615.340270996094 1  0
i 1501700805 964.707092285156 250.034927368164 1  0
s 1501700805 262.91162109375 374.65283203125 2  0
space 1501700807 667.384643554688 605.421325683594 1  0
h 1501700808 785.807983398438 371.864807128906 1  0
i 1501700809 986.90966796875 236.677871704102 1  0
g 1501700809 646.914245605469 362.801452636719 1  0
h 1501700809 755.491333007812 363.163360595703 1  0
