a 1501700740 163.187911987305 371.544616699219 1  0
l 1501700740 1180.65258789062 379.945831298828 2  0
l 1501700741 1190.57897949219 377.439422607422 1  0
space 1501700741 684.550231933594 616.047180175781 1  0
w 1501700742 217.483108520508 267.000549316406 1  0
o 1501700742 1117.58227539062 276.835113525391 2  0
r 1501700743 440.891174316406 275.978424072266 1  0
k 1501700743 1017.07659912109 377.6376953125 1  0
space 1501700745 706.614685058594 611.770751953125 1  0
a 1501700746 170.768524169922 397.972503662109 1  0
n 1501700746 902.844604492188 475.863433837891 1  0
d 1501700747 391.953247070312 361.019317626953 1  0
space 1501700748 487.880798339844 621.483276367188 1  0
space 1501700748 488.901245117188 590.167541503906 1  0
space 1501700749 525.192077636719 609.249206542969 1  0
space 1501700749 598.335144042969 611.054809570312 1  0
n 1501700750 906.089416503906 498.733428955078 3  0
o 1501700751 1104.42822265625 271.521026611328 1  0
space 1501700751 656.35498046875 617.264770507812 1  0
p 1501700753 1221.61181640625 245.173385620117 2  0
l 1501700753 1172.15954589844 359.044677734375 1  0
a 1501700754 123.101257324219 343.063140869141 1  0
y 1501700754 709.087707519531 253.092224121094 1  0
