q 1501701018 106.518775939941 270.816192626953 1  0
u 1501701018 877.371765136719 248.290313720703 2  0
e 1501701018 323.973083496094 262.861450195312 1  0
s 1501701019 272.915191650391 372.307067871094 1  0
t 1501701019 597.649475097656 232.421737670898 1  0
i 1501701019 956.240966796875 253.478652954102 2  0
o 1501701019 1035.00476074219 261.779754638672 1  0
n 1501701020 882.157836914062 477.511779785156 2  0
space 1501701020 789.086120605469 606.935913085938 1  0
t 1501701021 605.798278808594 257.131256103516 1  0
h 1501701021 782.842407226562 361.481658935547 1  0
a 1501701021 163.358535766602 406.772827148438 1  0
t 1501701021 598.377990722656 267.729919433594 1  0
space 1501701022 597.986389160156 591.998779296875 1  0
m 1501701022 1020.38287353516 505.275329589844 1  0
u 1501701023 879.216186523438 279.514190673828 1  0
s 1501701023 267.066345214844 383.220336914062 1  0
t 1501701023 602.092224121094 239.141510009766 1  0
b 1501701024 781.425415039062 520.876831054688 3  0
e 1501701024 332.457458496094 278.372192382812 1  0
space 1501701024 674.865112304688 611.919311523438 1  0
back 1501701025 1186.70153808594 482.360534667969 2  0
back 1501701025 1215.89697265625 480.038330078125 2  0
back 1501701025 1214.22729492188 483.403442382812 2  0
space 1501701026 726.222534179688 595.021423339844 1  0
space 1501701026 733.137634277344 601.061889648438 1  0
b 1501701026 777.8984375 511.990325927734 3  0
e 1501701027 343.027557373047 258.215545654297 1  0
space 1501701027 643.898132324219 616.900146484375 1  0
a 1501701028 171.715362548828 398.751342773438 1  0
n 1501701028 907.173950195312 507.821655273438 2  0
s 1501701028 287.52099609375 386.538940429688 1  0
w 1501701028 209.559509277344 267.814392089844 1  0
e 1501701029 316.641418457031 259.144714355469 1  0
r 1501701029 475.694061279297 255.065673828125 1  0
e 1501701029 313.02490234375 261.334045410156 1  0
d 1501701029 386.419982910156 382.87109375 1  0
