t 1501701002 595.955017089844 236.876007080078 1  0
i 1501701002 989.902465820312 225.727432250977 2  0
c 1501701003 534.932800292969 479.337524414062 1  0
k 1501701003 1014.41052246094 383.6708984375 1  0
e 1501701004 331.721618652344 270.851867675781 1  0
t 1501701004 595.693115234375 241.730972290039 1  0
s 1501701004 282.767669677734 378.877197265625 1  0
space 1501701005 663.866333007812 608.569702148438 1  0
a 1501701005 141.784301757812 377.547607421875 1  0
r 1501701005 465.637573242188 227.744171142578 1  0
e 1501701006 360.964385986328 258.143005371094 1  0
space 1501701006 665.851867675781 592.02978515625 1  0
v 1501701007 640.716613769531 499.979095458984 1  0
e 1501701007 355.435607910156 271.173492431641 1  0
y 1501701007 700.059692382812 241.571136474609 1  0
r 1501701007 482.857788085938 247.758071899414 1  0
back 1501701008 1192.44592285156 465.734436035156 2  0
back 1501701008 1186.46789550781 479.146697998047 2  0
r 1501701009 446.89306640625 262.051696777344 1  0
y 1501701009 717.611938476562 230.481399536133 2  0
space 1501701010 673.014404296875 618.309204101562 1  0
e 1501701011 346.592468261719 280.501373291016 1  0
x 1501701011 395.085113525391 522.771850585938 1  0
p 1501701012 1225.34301757812 260.741668701172 1  0
e 1501701013 341.562744140625 252.12516784668 1  0
n 1501701013 898.712219238281 514.607727050781 3  0
s 1501701013 259.242340087891 412.403564453125 1  0
i 1501701014 966.773315429688 260.733551025391 1  0
v 1501701014 620.028625488281 504.855194091797 1  0
e 1501701014 334.959625244141 268.349761962891 1  0
