p 1501700973 1207.68786621094 236.457870483398 1  0
r 1501700974 463.468170166016 245.531585693359 2  0
o 1501700974 1117.07604980469 251.191986083984 1  0
t 1501700974 598.37939453125 252.212036132812 1  0
e 1501700975 334.346984863281 254.951934814453 2  0
c 1501700975 530.897583007812 514.331604003906 1  0
t 1501700975 572.697998046875 246.008270263672 1  0
space 1501700976 635.706787109375 621.765441894531 1  0
y 1501700976 711.609741210938 264.096588134766 1  0
o 1501700977 1108.03869628906 247.262969970703 1  0
u 1501700977 854.904357910156 246.999923706055 1  0
r 1501700977 463.066375732422 241.249298095703 1  0
space 1501700978 610.985778808594 596.375610351562 1  0
e 1501700978 313.193176269531 263.044403076172 1  0
n 1501700978 892.079833984375 486.418090820312 1  0
v 1501700979 650.986450195312 516.146057128906 1  0
i 1501700979 958.181945800781 244.867858886719 1  0
r 1501700980 445.921356201172 244.363830566406 1  0
o 1501700980 1065.74340820312 245.327743530273 1  0
n 1501700980 856.332824707031 492.495208740234 1  0
m 1501700980 970.778015136719 483.383270263672 1  0
e 1501700981 320.85302734375 266.561401367188 1  0
n 1501700981 862.288635253906 486.919830322266 3  0
t 1501700981 594.491760253906 236.131164550781 1  0
