t 1501700958 596.978759765625 244.388397216797 2  0
h 1501700959 791.092041015625 374.694549560547 2  0
i 1501700959 977.824829101562 245.697250366211 1  0
s 1501700960 261.224365234375 375.130981445312 1  0
space 1501700962 711.738952636719 670.332702636719 0  0
p 1501700962 1218.05187988281 239.419586181641 1  0
e 1501700963 343.17919921875 254.409164428711 2  0
r 1501700963 461.073699951172 244.172225952148 1  0
s 1501700963 248.562850952148 392.406402587891 2  0
o 1501700964 1097.38928222656 245.189010620117 1  0
n 1501700964 867.518798828125 485.142669677734 1  0
space 1501700965 730.370910644531 614.954833984375 2  0
i 1501700965 992.683959960938 232.239395141602 2  0
s 1501700966 282.036956787109 373.285919189453 1  0
space 1501700966 637.044555664062 617.442199707031 1  0
a 1501700966 149.432662963867 367.6845703125 1  0
space 1501700967 659.633239746094 603.6708984375 1  0
d 1501700967 411.199493408203 373.347625732422 1  0
i 1501700967 959.188110351562 248.755340576172 2  0
s 1501700968 276.256652832031 371.010803222656 1  0
a 1501700968 127.258522033691 362.959594726562 1  0
s 1501700968 262.642974853516 368.509002685547 1  0
t 1501700969 602.356079101562 247.922348022461 1  0
e 1501700969 355.297882080078 226.670501708984 1  0
r 1501700969 458.910522460938 308.252166748047 0  0
