t 1501700833 574.970397949219 242.200012207031 1  0
i 1501700833 951.624816894531 237.11213684082 1  0
m 1501700834 1046.787109375 496.718994140625 1  0
e 1501700834 339.828063964844 253.990570068359 1  0
space 1501700835 659.305419921875 619.393310546875 1  0
t 1501700835 600.713134765625 243.223251342773 1  0
o 1501700836 1104.82177734375 241.654922485352 1  0
space 1501700837 765.302062988281 651.806579589844 0  0
g 1501700838 646.276733398438 383.0595703125 1  0
o 1501700838 1112.0966796875 245.382354736328 1  0
space 1501700839 764.492858886719 602.127258300781 2  0
s 1501700840 272.413269042969 374.231170654297 1  0
h 1501700840 779.601989746094 384.859436035156 2  0
o 1501700840 1098.80444335938 250.078659057617 1  0
p 1501700841 1217.22692871094 232.75227355957 2  0
p 1501700841 1204.62109375 247.406890869141 1  0
i 1501700842 952.968627929688 243.045425415039 1  0
n 1501700842 892.307006835938 499.830078125 3  0
g 1501700843 651.105773925781 370.859008789062 1  0
