a 1501700813 149.706237792969 366.977386474609 1  0
space 1501700814 658.47021484375 598.358520507812 1  0
p 1501700815 1205.47058105469 256.825836181641 2  0
r 1501700815 459.715881347656 272.389495849609 2  0
o 1501700815 1104.86865234375 251.659378051758 1  0
b 1501700816 771.948364257812 513.312683105469 1  0
l 1501700817 1147.11791992188 367.048400878906 1  0
e 1501700817 310.403900146484 259.477355957031 2  0
m 1501700817 1014.49554443359 483.134887695312 1  0
space 1501700818 673.879516601562 616.384887695312 1  0
w 1501700818 195.899444580078 261.853424072266 1  0
i 1501700818 982.820678710938 240.288391113281 1  0
t 1501700819 590.409240722656 229.553695678711 1  0
h 1501700819 750.860107421875 353.765838623047 1  0
h 1501700819 747.392517089844 357.987060546875 1  0
b 1501700820 746.898803710938 566.327453613281 2  0
back 1501700821 1185.533203125 466.284820556641 2  0
back 1501700821 1176.11645507812 489.665252685547 2  0
space 1501700822 656.293273925781 597.179565429688 1  0
t 1501700823 593.768981933594 259.138488769531 1  0
h 1501700823 788.931213378906 377.949615478516 1  0
e 1501700823 338.351715087891 246.001586914062 1  0
space 1501700824 601.872192382812 610.099731445312 1  0
e 1501700824 348.201019287109 246.929260253906 1  0
n 1501700825 905.346618652344 478.897277832031 1  0
g 1501700825 639.918029785156 389.729522705078 1  0
n 1501700826 901.070617675781 505.249542236328 3  0
back 1501700827 1192.68688964844 478.651947021484 1  0
i 1501700828 972.68408203125 251.460998535156 1  0
n 1501700828 896.839721679688 508.643463134766 3  0
e 1501700829 320.608978271484 255.202056884766 1  0
