c 1501700985 521.27197265625 473.961486816406 1  0
o 1501700986 1069.98510742188 243.60466003418 1  0
m 1501700986 970.959228515625 476.903686523438 1  0
p 1501700986 1203.70300292969 261.451477050781 2  0
a 1501700987 139.394058227539 371.233184814453 1  0
n 1501700987 856.756530761719 489.231048583984 1  0
i 1501700987 1015.69860839844 265.233184814453 1  0
e 1501700988 337.329742431641 256.952392578125 1  0
s 1501700988 297.478210449219 357.481018066406 1  0
space 1501700988 695.314392089844 612.833312988281 1  0
a 1501700988 152.312072753906 370.364685058594 1  0
n 1501700989 881.186950683594 503.773315429688 3  0
n 1501700989 896.054016113281 511.762786865234 3  0
o 1501700990 1073.85815429688 250.884262084961 1  0
u 1501700990 846.699096679688 257.667663574219 2  0
n 1501700991 910.011108398438 497.911560058594 1  0
c 1501700991 535.930114746094 492.013824462891 1  0
e 1501700991 327.512756347656 263.436889648438 1  0
space 1501700991 632.715759277344 607.658569335938 1  0
a 1501700992 118.503349304199 395.332611083984 1  0
n 1501700992 893.994812011719 505.642395019531 1  0
e 1501700993 342.686401367188 261.863952636719 1  0
r 1501700993 448.708312988281 251.730178833008 1  0
g 1501700993 633.855590820312 387.991760253906 1  0
e 1501700993 327.684692382812 258.078216552734 1  0
back 1501700994 1205.41271972656 474.406097412109 1  0
back 1501700994 1208.98608398438 480.588012695312 2  0
back 1501700994 1200.28857421875 478.047180175781 1  0
back 1501700994 1203.74401855469 477.772277832031 2  0
back 1501700995 1217.68249511719 483.128662109375 2  0
back 1501700995 1233.46557617188 475.407775878906 3  0
a 1501700996 163.096038818359 377.373779296875 1  0
space 1501700996 632.106689453125 627.783935546875 1  0
m 1501700997 1023.88848876953 514.676940917969 2  0
e 1501700997 352.601135253906 267.094665527344 1  0
r 1501700997 450.167602539062 263.510711669922 1  0
g 1501700998 662.814086914062 389.261871337891 1  0
e 1501700998 336.872222900391 259.403533935547 1  0
r 1501700998 457.938446044922 249.775360107422 1  0
