h 1501700720 785.044067382812 377.234252929688 2  0
a 1501700721 161.119705200195 378.388732910156 1  0
v 1501700721 686.135925292969 516.23486328125 3  0
e 1501700722 352.139099121094 265.925567626953 1  0
space 1501700725 655.580078125 616.313598632812 1  0
a 1501700726 140.166229248047 383.668579101562 1  0
space 1501700729 664.569091796875 593.145202636719 1  0
g 1501700731 646.908264160156 386.260314941406 1  0
o 1501700732 1115.85241699219 267.6708984375 2  0
o 1501700732 1104.20544433594 266.196929931641 2  0
d 1501700732 413.102264404297 393.217926025391 1  0
space 1501700733 670.632629394531 610.903930664062 1  0
w 1501700734 198.532592773438 272.325653076172 1  0
e 1501700734 336.766296386719 260.101837158203 1  0
e 1501700734 354.665069580078 256.066223144531 1  0
k 1501700735 1021.59167480469 390.966339111328 1  0
e 1501700735 329.1435546875 244.504119873047 1  0
n 1501700736 884.587524414062 490.24560546875 1  0
d 1501700736 407.278045654297 372.292755126953 1  0
