i 1501700660 982.63818359375 253.589797973633 1  0
a 1501700663 134.510437011719 384.294525146484 1  0
g 1501700664 654.561706542969 390.265838623047 1  0
r 1501700664 474.892974853516 255.820404052734 1  0
e 1501700665 365.687561035156 269.137969970703 1  0
e 1501700665 342.504577636719 274.286865234375 1  0
space 1501700667 643.176879882812 604.973449707031 1  0
w 1501700668 194.732482910156 269.187103271484 1  0
i 1501700669 957.711364746094 254.394775390625 1  0
t 1501700669 572.352294921875 269.143737792969 1  0
h 1501700670 786.34228515625 363.77099609375 2  0
space 1501700671 594.455261230469 589.236694335938 1  0
y 1501700672 718.46826171875 232.311935424805 1  0
o 1501700672 1090.4345703125 259.722320556641 1  0
u 1501700673 843.610473632812 247.739974975586 2  0
