f 1501700774 516.449829101562 363.860565185547 1  0
o 1501700775 1123.41906738281 256.544586181641 2  0
r 1501700775 481.70751953125 235.42317199707 1  0
space 1501700776 650.419982910156 601.022766113281 1  0
y 1501700777 735.510375976562 251.818801879883 1  0
o 1501700777 1134.58935546875 260.989135742188 1  0
u 1501700777 842.055053710938 252.178726196289 1  0
space 1501700778 681.350036621094 677.435180664062 4  0
back 1501700779 1209.90551757812 474.048583984375 1  0
r 1501700779 431.40380859375 256.752807617188 1  0
space 1501700780 687.2041015625 614.824890136719 1  0
space 1501700780 704.146240234375 607.239624023438 1  0
i 1501700781 971.15576171875 263.138244628906 1  0
n 1501700781 868.884765625 526.991394042969 1  0
f 1501700782 524.936340332031 382.358184814453 1  0
o 1501700782 1050.52307128906 249.834884643555 1  0
r 1501700782 462.522491455078 244.74528503418 1  0
m 1501700783 989.299926757812 491.602447509766 1  0
a 1501700783 163.330307006836 383.003631591797 1  0
t 1501700783 596.432006835938 249.954360961914 1  0
i 1501700784 962.737670898438 258.300445556641 1  0
o 1501700784 1066.35583496094 246.486267089844 2  0
n 1501700785 869.264404296875 497.925140380859 1  0
space 1501700785 705.013671875 605.313781738281 1  0
o 1501700786 1079.869140625 267.986633300781 1  0
n 1501700787 843.462890625 512.888244628906 1  0
l 1501700789 1197.01391601562 379.663421630859 2  0
y 1501700789 708.687622070312 248.466644287109 1  0
