t 1501700680 577.295471191406 235.106109619141 2  0
h 1501700681 775.177368164062 349.068634033203 1  0
e 1501700682 312.579528808594 253.265121459961 2  0
space 1501700683 687.847412109375 594.680847167969 1  0
p 1501700684 1225.72912597656 251.397750854492 2  0
o 1501700684 1051.02429199219 238.058670043945 1  0
w 1501700685 211.056304931641 256.832183837891 2  0
e 1501700685 366.679840087891 246.985305786133 1  0
r 1501700686 476.906829833984 266.174438476562 2  0
space 1501700687 625.891845703125 623.890930175781 1  0
o 1501700688 1101.28942871094 250.568145751953 1  0
f 1501700688 516.716735839844 409.865386962891 1  0
space 1501700689 670.064514160156 616.180480957031 1  0
d 1501700690 384.205413818359 381.508728027344 1  0
e 1501700690 348.754425048828 256.199829101562 1  0
n 1501700691 907.173950195312 507.821655273438 1  0
i 1501700691 984.773315429688 245.136032104492 1  0
a 1501700692 151.426559448242 381.9072265625 1  0
l 1501700692 1108.68640136719 372.867431640625 2  0
