t 1501700878 601.730285644531 238.99821472168 1  0
h 1501700879 786.34521484375 347.313812255859 1  0
e 1501700879 320.422882080078 235.543792724609 1  0
space 1501700880 655.613342285156 583.713684082031 1  0
s 1501700880 260.611083984375 369.015075683594 1  0
e 1501700881 324.712677001953 234.850616455078 1  0
c 1501700881 520.181762695312 490.209411621094 1  0
o 1501700882 1084.09545898438 261.440490722656 2  0
o 1501700882 1069.45959472656 268.998138427734 1  0
n 1501700882 905.165771484375 465.975250244141 2  0
d 1501700883 410.399078369141 368.616455078125 1  0
back 1501700884 1189.68078613281 465.95458984375 2  0
back 1501700884 1200.16955566406 471.589385986328 2  0
back 1501700884 1179.55834960938 479.696380615234 2  0
n 1501700885 870.887084960938 492.356567382812 3  0
d 1501700885 382.251983642578 361.285583496094 2  0
space 1501700889 622.26123046875 614.224609375 1  0
l 1501700890 1138.50036621094 375.445465087891 1  0
a 1501700890 120.170356750488 363.187713623047 1  0
r 1501700891 463.615203857422 256.388031005859 1  0
g 1501700891 628.133972167969 366.708618164062 1  0
e 1501700891 350.712310791016 254.833999633789 1  0
s 1501700892 255.360137939453 389.294372558594 2  0
t 1501700892 581.302307128906 240.824401855469 1  0
space 1501700892 625.774353027344 611.077575683594 1  0
c 1501700893 547.141906738281 502.847076416016 1  0
o 1501700893 1108.77978515625 257.208068847656 1  0
u 1501700893 853.144836425781 238.339553833008 1  0
n 1501700894 874.452514648438 510.423797607422 1  0
t 1501700894 614.966857910156 254.320266723633 1  0
r 1501700895 470.829376220703 234.750335693359 1  0
y 1501700895 731.2841796875 237.146072387695 2  0
