p 1501700919 1226.49353027344 230.104156494141 1  0
l 1501700920 1153.60815429688 372.351959228516 2  0
e 1501700920 338.031219482422 264.137054443359 1  0
a 1501700921 152.467132568359 355.101806640625 1  0
s 1501700921 272.328399658203 373.381805419922 1  0
e 1501700922 321.709350585938 245.106506347656 1  0
space 1501700922 670.451843261719 616.656005859375 1  0
f 1501700923 531.757141113281 362.1162109375 1  0
o 1501700924 1092.49731445312 226.590606689453 2  0
l 1501700924 1152.72729492188 353.231353759766 1  0
l 1501700924 1139.5439453125 368.340301513672 1  0
o 1501700925 1090.04870605469 245.263885498047 1  0
w 1501700925 218.62158203125 262.771453857422 1  0
space 1501700926 723.610717773438 672.087768554688 0  0
t 1501700926 584.714111328125 243.827758789062 1  0
h 1501700927 776.230773925781 361.498291015625 1  0
e 1501700927 345.244964599609 246.996109008789 1  0
space 1501700927 651.139587402344 616.833618164062 1  0
g 1501700928 663.383544921875 395.7158203125 1  0
u 1501700928 842.366088867188 255.948181152344 2  0
i 1501700929 987.257629394531 238.894165039062 1  0
d 1501700929 380.480865478516 375.302764892578 1  0
e 1501700929 338.575500488281 241.150802612305 1  0
e 1501700929 343.042816162109 244.068267822266 1  0
l 1501700930 1150.09643554688 390.946655273438 1  0
back 1501700931 1193.61853027344 491.504302978516 1  0
back 1501700931 1210.88647460938 480.436859130859 1  0
l 1501700932 1146.60815429688 390.883575439453 1  0
i 1501700933 948.731750488281 222.66389465332 2  0
n 1501700934 901.857116699219 502.128936767578 3  0
e 1501700934 337.045715332031 254.043441772461 1  0
s 1501700934 291.530059814453 369.268463134766 1  0
